user_id	turn	x_curs	y_cursl	x_targ	y_targ	angle	min_tim	lag	dist	elapsed	targ_dist_trvl	mouse_dist_trvl
1842701	1	868.0	595.0	911.9400630379725	612.8828999926561	90	150	0	47.43972230028694	752.6078224182129	154.49871189534755	343.6069270723691
1842701	2	501.0	510.0	662.5013908519712	566.451185909296	90	150	0	171.0831249354742	600.4288196563721	101.64278435007883	518.4907497730585
1842701	3	1065.0	496.0	1069.4315691395325	547.7104777392987	90	150	0	51.90002228385801	615.4780387878418	108.15088577589724	192.74840000861542
1842701	4	1000.0	159.0	881.1295306609961	172.53661171076283	90	75	250	119.63874095577495	905.7857990264893	412.87167707358145	522.8885539874512
1842701	5	781.0	578.0	797.9764688808551	739.4033777781232	0	150	62.5	162.29371785084655	708.4798812866211	300.00000000000006	334.42040952618623
1842701	6	676.0	689.0	738.672090847135	838.0958917768767	0	75	125	161.7324207321886	893.5978412628174	496.00000000000017	488.52267243583094
1842701	7	1115.0	0.0	947.8256313196194	220.9369952326446	90	0	62.5	277.05671875288175	855.1149368286133	253.16587007268234	1205.7963408921516
1842701	8	872.0	335.0	840.01978455383	363.5466485478448	360	150	62.5	42.867765550558126	951.8740177154541	250.01984193890596	764.7543813104106
1842701	9	1905.0	469.0	1686.5443588464793	348.2989835489192	360	150	250	249.5828570317278	1617.9509162902832	626.1537335473719	1417.1162709403977
1842701	10	1058.0	798.0	1093.9572738275363	784.9363953369277	360	0	125	38.25680734067426	2772.614002227783	319.5150753149036	956.8389071415386
1842701	11	253.0	957.0	354.9528723572926	972.797676155915	0	0	125	103.1695437318086	924.8771667480469	528.0000000000001	985.4198090867326
1842701	12	712.0	235.0	806.4886527137323	243.44663975620767	360	150	0	94.86543740914003	687.4430179595947	200.5246257762718	554.930780941306
1842701	13	1357.0	829.0	1235.8688863232771	579.1395232600734	0	150	125	277.6742777739173	781.2449932098389	378.00000000000006	547.5997468831922
1842701	14	846.0	1199.0	1038.346981716853	1322.091274897709	90	150	125	228.3611686156968	1493.5870170593262	934.0881289352579	2226.1127945312887
1842701	15	868.0	1199.0	860.5419311903852	1495.6126087580662	0	75	250	296.7063573040433	1098.573923110962	702.9999999999999	848.9377777938048
1842701	16	1548.0	835.0	1320.548238072693	822.5197227811562	90	150	62.5	227.7939009791428	709.3679904937744	295.8377543704431	1154.8204724900547
1842701	17	1125.0	182.0	1068.416963073862	271.15566065471717	360	150	62.5	105.59532136682846	1657.7990055084229	454.7657765977046	2346.368190482667
1842701	18	1291.0	1150.0	1150.9147964012502	985.0865217979851	90	75	125	216.38003503093722	780.9329032897949	331.1739685553896	1031.1406972306245
1842701	19	809.0	857.0	811.6111236661156	866.9842951550158	0	0	0	10.32008316547023	655.6258201599121	253.00000000000009	328.0110455030981
1842701	20	0.0	1199.0	169.88808075854	1035.3039995563256	0	150	250	235.92019952745812	1074.3889808654785	703.0	1510.4973724688507
1842701	21	1259.0	971.0	1382.4313157239435	838.6558662031977	90	0	125	180.9703275450695	797.7569103240967	307.0385168192747	652.3583882381007
1842701	22	269.0	1199.0	728.7733501951591	1278.7751293901106	360	150	250	466.6429093202738	1658.6098670959473	735.2743907519796	1813.5242405831475
1842701	23	874.0	849.0	876.8883143856134	843.5835382711502	90	150	0	6.138437720644836	865.3059005737305	397.8919662275994	349.2988759712678
1842701	24	1598.0	555.0	1657.1813833341005	533.565558360776	0	75	125	62.94339855555184	997.1380233764648	528.0000000000014	744.6932102880555
1842701	25	1174.0	967.0	1038.367249698851	1051.4375339799	90	0	250	159.76839518146446	834.5170021057129	298.5359057017521	643.5156249719387
1842701	26	978.0	471.0	944.8311782777051	400.5760625011199	0	0	250	77.84408588513034	2042.435884475708	0.0	783.5228188300352
1842701	27	1050.0	417.0	1182.9305561544857	550.6339330271959	90	150	125	188.49021411165606	821.3679790496826	375.7726843473085	246.51690141349604
1842701	28	1329.0	512.0	1354.7693109027443	235.48431027333717	0	150	250	277.71385282231483	1026.6940593719482	630.0	589.3234301769429
1842701	29	604.0	324.0	668.9564507642743	316.5413638188236	0	0	125	65.38326811635183	949.2740631103516	561.0000000000003	875.2798795945483
1842701	30	0.0	0.0	488.05302026540573	148.37189771107344	0	0	250	510.10780294029	962.5790119171143	527.9999999999998	1505.0165806569448
1842701	31	1065.0	408.0	1106.0758364162448	379.99794824015584	360	0	62.5	49.71256621876498	1164.7369861602783	126.255637881718	721.7749199923861
1842701	32	982.0	829.0	940.2274112363285	657.2608779830111	360	75	250	176.74635838733707	890.0039196014404	163.9202794918575	276.31304834027543
1842701	33	631.0	180.0	826.0112231654583	245.67522913334594	0	75	62.5	205.7732073964093	735.1160049438477	351.0	1034.7727489052897
1842701	34	852.0	830.0	891.6376602683489	787.953692452195	0	0	125	57.784393134769935	909.6078872680664	0.0	296.8880884831769
1842701	35	1290.0	616.0	1368.929887381573	623.4851574931614	0	150	0	79.28401292041943	609.0219020843506	210.00000000000006	382.45678409858095
1842701	36	1036.0	849.0	1279.318622153071	888.4266614539127	90	0	250	246.49221797020357	1058.2528114318848	417.10712608834285	309.21321995916236
1842701	37	1149.0	600.0	1204.273743208791	639.2173710325002	0	75	0	67.773068980327	704.063892364502	299.9999999999998	277.8068217586172
1842701	38	969.0	561.0	1108.6935221915357	706.3481887395981	0	75	125	201.5945835387422	780.7321548461914	378.00000000000017	124.07966777086062
1842701	39	600.0	79.0	669.5133787943937	171.19053691930694	90	75	125	115.4608372084793	853.7631034851074	389.62376012434805	820.7346546317382
1842701	40	1141.0	1081.0	1103.434652939841	923.2430193328677	360	75	125	162.1678767480174	699.6829509735107	161.4892543274806	652.0821147247643
1842701	41	646.0	628.0	700.7317895662356	624.0508925660797	360	150	0	54.87407619857801	616.3840293884277	80.42400306651808	429.80273851839996
1842701	42	938.0	79.0	855.9882801460194	266.0497871662537	360	75	250	204.23894112619314	938.1611347198486	198.92462765441115	571.5909272441713
1842701	43	932.0	703.0	920.4668495684633	695.1306835056499	360	75	125	13.962080825031235	892.7559852600098	246.41666101860463	152.95458697199413
1842701	44	0.0	227.0	-29.329112267487822	152.3375462064878	0	0	250	80.21644988945378	1490.490198135376	1275.0000000000007	1385.029783856959
1842701	45	1752.0	344.0	1415.6894377118838	542.8635996440853	90	0	62.5	390.70644423908846	752.1440982818604	268.06350346846585	1280.10800512894
1842701	46	803.0	792.0	777.5422723447124	847.9779212083874	90	75	0	61.49490678245824	688.2750988006592	254.1766703061478	334.2036236780627
1842701	47	1023.0	722.0	992.5164252558627	589.7650809902029	90	75	62.5	135.7030660475621	577.2979259490967	205.48994720523294	214.52439531998337
1842701	48	1264.0	1071.0	1245.3948592516588	798.2697634308691	90	0	125	273.364103717587	900.5780220031738	329.5783498749861	614.5031841902879
1842701	49	880.0	622.0	1044.238533318251	658.4027778543912	360	150	250	168.22442766152128	953.9780616760254	308.90828320847015	119.00144882908991
1842701	50	0.0	1199.0	49.62908261360072	855.9464900552089	90	150	250	346.6248065654109	1273.071050643921	848.8718732093347	1591.4876388783534
1842701	51	758.0	245.0	862.6053040432355	241.62804230092883	0	75	0	104.65963755288885	681.0550689697266	276.0000000000004	528.7277279380546
1842701	52	348.0	390.0	257.37415677926333	442.92564058049607	90	75	62.5	104.94840108513039	1079.0460109710693	560.6488256370768	906.6278057266443
1842701	53	793.0	798.0	793.2171620362835	724.4594815395345	90	0	62.5	73.54083909491423	764.2879486083984	290.48672078479376	469.88346332213195
1842701	54	864.0	443.0	863.1822662551136	424.9962102338801	0	0	62.5	18.022350968177523	1822.152853012085	0.0	458.92009949542086
1842701	55	992.0	420.0	992.3743538473693	389.36050844315383	360	0	0	30.64177840245386	615.211009979248	38.901663669450635	229.7566203193692
1842701	56	1059.0	810.0	1079.7866043376118	808.7000783445507	360	150	0	20.82721095583202	569.0360069274902	164.08568871961685	259.9121889848161
1842701	57	1180.0	676.0	1164.9326725559793	674.6943943939186	360	0	0	15.123787961485439	831.5150737762451	51.57662995677327	433.1124103277683
1842701	58	394.0	783.0	520.269628626313	689.2365747282994	0	0	62.5	157.2755512853437	679.7690391540527	276.0000000000001	871.9572980530356
1842701	59	932.0	784.0	925.7264097484139	764.5795406038518	360	0	62.5	20.40862998347115	640.1708126068115	46.27541334503865	284.9151597809525
1842701	60	1066.0	1125.0	993.4674127139477	1119.3106874894659	90	150	125	72.75537433929752	750.1990795135498	329.75611267600647	562.9591173180338
1842701	61	1176.0	570.0	1085.721555495554	583.6322510844035	360	75	62.5	91.30189380166527	743.8340187072754	139.32937808505653	376.64127743772434
1842701	62	952.0	789.0	938.5506644281143	741.5311393094285	0	0	62.5	49.33738301314815	559.8909854888916	190.0	229.24586252106263
1842701	63	1357.0	382.0	1133.1052245912715	497.590166682492	360	0	0	251.97213554083962	544.8579788208008	78.19940951952172	527.5536755088253
1842701	64	929.0	522.0	1061.6271080530616	518.1666697262017	0	75	125	132.6824939903773	653.0499458312988	275.99999999999994	110.76204987435375
1842701	65	890.0	316.0	917.3026526071679	400.6698930833685	360	0	250	88.96305769327371	922.5950241088867	110.35069523193923	453.7221985249575
1842701	66	1416.0	716.0	1277.5294107484615	735.383849558453	0	0	62.5	139.82073419694603	598.2389450073242	230.99999999999986	774.7369900629915
1842701	67	1158.0	866.0	1135.0413262131033	918.0535086201629	90	150	0	56.89172577556875	527.8878211975098	167.81825794742727	347.42854662002895
1842701	68	1219.0	780.0	1120.8873920808671	718.807605267581	0	0	250	115.63128039497647	914.5069122314453	0.0	352.2943496013246
1842701	69	1667.0	513.0	1638.0288259226586	437.18117485181176	0	75	250	81.16540626566936	962.2459411621094	561.0	786.0573296008574
1842701	70	1611.0	805.0	1507.758585685941	855.5526756274115	0	150	62.5	114.95374131648559	815.9561157226562	406.0000000000002	1008.3339325410134
1842701	71	824.0	554.0	791.4181604619489	522.5832467696489	360	0	125	45.26133726725367	1037.4081134796143	50.97374102327226	576.1588159231088
1842701	72	1296.0	940.0	1348.912713961789	985.4435574039626	90	150	125	69.7486358886634	869.0810203552246	458.589118865416	613.3180186271355
1842701	73	378.0	767.0	509.2557977936656	805.0155371236411	90	75	62.5	136.65015739928938	734.7981929779053	299.9855767361231	1040.9452580880418
1842701	74	893.0	561.0	855.7322379429808	562.9769894923298	360	150	62.5	37.32016313189675	751.025915145874	266.30668974624473	465.3321651953847
1842701	75	776.0	178.0	858.8506237597154	110.39369542501889	90	150	250	106.9338032413466	931.035041809082	463.34696776740583	488.9271434392536
1842701	76	423.0	789.0	976.407831285667	747.2344639676433	360	75	250	554.9816102614351	1634.1509819030762	313.4563337410994	1453.774323860967
1842701	77	267.0	799.0	385.56173579603177	662.4651572645631	360	150	125	180.82767618857054	949.4459629058838	398.65422705022655	783.313360107195
1842701	78	747.0	892.0	879.9767393227779	955.1633050660504	0	150	125	147.2155437030512	797.3289489746094	405.99999999999994	409.44976765346166
1842701	79	1099.0	624.0	1096.144145669258	676.0308668231198	90	150	0	52.10918351234884	592.9701328277588	209.53993737315088	145.50200353549724
1842701	80	736.0	512.0	760.8013777737337	456.2794022157085	90	75	0	60.99092848050639	728.3039093017578	292.9407879915327	434.0818092214496
1842701	81	58.0	1199.0	156.31872230873563	1328.4714847521082	0	0	250	162.57132748531532	1250.4642009735107	902.9999999999997	1138.2367026163756
1842701	82	1054.0	643.0	924.5812586426998	382.4923182263449	90	0	250	290.88393368763377	858.2770824432373	410.19282786518573	151.3819659430742
1842701	83	1064.0	938.0	1010.09238350798	793.6252904826471	0	0	250	154.11063514264922	1233.9301109313965	0.0	379.0043109906897
1842701	84	916.0	0.0	1081.089397671474	-258.54646027593697	0	150	250	306.75850655645513	1098.2208251953125	702.9999999999998	691.6732986196291
1842701	85	769.0	757.0	803.3920081373242	747.8406974207929	0	150	0	35.590771942390376	615.9849166870117	231.00000000000028	276.73031123473834
1842701	86	806.0	845.0	963.339801909829	725.4555091566746	360	75	125	197.60237487442845	758.6870193481445	152.37624978421042	333.18002479889486
1842701	87	1044.0	850.0	1079.4574709367294	837.5393654277598	360	0	62.5	37.5832364116226	814.5649433135986	83.98123592004153	378.5468140145613
1842701	88	914.0	537.0	925.0471091781028	470.7934774098367	0	150	62.5	67.12184632945315	701.2829780578613	300.0000000000001	270.6980807819108
1842701	89	1108.0	402.0	997.5060321555799	579.5247678296441	360	75	250	209.10275015640707	842.1721458435059	169.3876637930672	266.28581070406426
1842701	90	494.0	564.0	315.60002806908705	495.4922963139243	90	75	62.5	191.1016887661898	1023.5018730163574	550.8953679791481	1061.4605668229647
1842701	91	1199.0	12.0	1138.340104007471	-57.90016627186884	0	0	125	92.55083050226699	973.0150699615479	561.0	920.2734737286879
1842701	92	1101.0	0.0	1158.3613331666745	-167.69826283685777	0	0	250	177.23721364645198	994.879961013794	595.0000000000001	682.2179849887561
1842701	93	776.0	562.0	761.7879909912097	573.3166815276054	0	0	0	18.16723646742077	735.9569072723389	0.0	198.35951625568336
1842701	94	956.0	926.0	973.5562667020292	939.7690005258386	90	75	0	22.311608547868605	599.5199680328369	197.8220026123494	356.5876971967
1842701	95	419.0	0.0	508.8243100870358	-88.08045266320238	0	75	250	125.80370751280188	1154.5400619506836	779.9999999999999	1076.26013886062
1842701	96	213.0	241.0	515.3145948491598	399.45363257116617	0	0	62.5	341.3234066597393	728.416919708252	325.00000000000017	1214.9506166397182
1842701	97	739.0	974.0	762.3557665855609	945.3995362218127	90	0	0	36.925307867729515	607.9971790313721	198.66566070233262	442.82506454796527
1842701	98	1353.0	536.0	1407.1563844161312	678.2307763806596	90	150	250	152.1923379243284	874.0580081939697	450.8468162058721	423.30965665306314
1842701	99	988.0	813.0	996.8482691416349	859.3022757602915	360	0	0	47.14013796527212	616.4212226867676	82.80730693057914	276.21910027952583
1842701	100	590.0	649.0	572.8779635265554	721.007231122986	90	0	125	74.01490030390565	876.8861293792725	378.0499253130186	408.8754511518412
1842701	101	798.0	687.0	776.5861557298114	666.4641384829672	0	75	0	29.669417498067588	688.3969306945801	275.9999999999999	267.18120161329887
1842701	102	1393.0	494.0	1330.736821408299	504.87758828037215	0	0	125	63.20621278908702	989.4769191741943	560.9999999999994	735.5891191481413
1842701	103	1315.0	1144.0	1277.8898246403087	1049.7626130974033	0	150	125	101.28104563765491	901.9742012023926	496.00000000000017	750.9078173950867
1842701	104	760.0	626.0	792.1697726845746	638.9591472152194	90	0	0	34.68189399561291	744.0180778503418	266.18297092826737	550.7613574629191
1842701	105	723.0	350.0	742.915324507064	322.2345266958419	90	150	0	34.169308714482085	825.0980377197266	359.92765565005436	731.0433702399913
1842701	106	199.0	1144.0	425.83444839620483	1033.2240115611803	0	0	125	252.43848081029174	948.2338428497314	528.0000000000001	960.1728630992844
1842701	107	428.0	317.0	441.5597926241273	292.16577150037523	0	0	0	28.294997458577583	832.8940868377686	406.00000000000017	653.029340472783
1842701	108	919.0	675.0	1213.0916029892478	692.9582795895002	0	0	250	294.639391043696	866.4090633392334	464.9999999999999	105.73212295995185
1842701	109	991.0	738.0	1002.8616797676956	682.7126280071292	360	0	125	56.54549450477408	886.3580226898193	121.56986964082998	161.52618404486944
1842701	110	1145.0	573.0	1157.3168581261275	567.3494640283866	0	0	0	13.551145739960518	671.8599796295166	0.0	194.1975602740876
1842701	111	721.0	832.0	811.6475420175736	752.5697616134289	360	75	0	120.52443587910001	896.9440460205078	89.31886079544505	438.70439689167046
1842701	112	925.0	955.0	986.3334902568731	884.3483208183269	90	150	62.5	93.55991020880691	608.2379817962646	229.6919697960911	506.8061460998586
1842701	113	1135.0	353.0	1076.8839041324459	437.70966462922934	0	0	125	102.72880745186936	854.1450500488281	0.0	415.5962799052224
1842701	114	804.0	867.0	834.3621354517009	781.7082644243128	0	75	0	90.53474154544418	680.13596534729	276.0000000000001	356.2614334162481
1842701	115	1498.0	0.0	1548.5102417025787	-75.51366101569732	0	0	250	90.84931214294672	1097.614049911499	703.0000000000003	980.3348888388034
1842701	116	1103.0	1199.0	848.2972391077844	1168.7327490999432	90	75	250	256.49483987629094	955.3101062774658	520.5085986510858	717.6433707749931
1842701	117	461.0	891.0	625.7813770607107	881.0402905716977	0	0	125	165.08209484350607	916.7318344116211	496.00000000000006	618.1459959302796
1842701	118	1337.0	296.0	1336.436745768464	220.7475924240656	90	0	0	75.25451548780241	888.6229991912842	343.80809928633846	696.2646998106378
1842701	119	1033.0	887.0	1016.806648610611	908.7056605461332	90	75	0	27.080626450733966	760.6239318847656	311.1874261671583	311.95496517247483
1842701	120	1094.0	1199.0	1070.1805100070994	1483.4289968677595	0	150	250	285.4246351713913	1099.390983581543	703.0000000000002	671.0115588207651
1842701	121	939.0	744.0	1001.0104695239061	739.5270549985283	0	75	62.5	62.17158167170491	740.818977355957	325.0	218.69203777768183
1842701	122	1119.0	444.0	1100.0383254142757	457.2090079340948	0	0	0	23.108937528538203	656.1300754547119	0.0	229.65727039818927
1842701	123	1533.0	819.0	1469.145643911962	769.6189682973796	0	150	125	80.72090858899665	749.4380474090576	351.0	628.7143230462924
1842701	124	736.0	525.0	743.5117126454934	514.4570991999525	90	75	62.5	12.945214720046462	828.7429809570312	325.94162124626894	357.67432130423265
1842701	125	838.0	371.0	860.8920340818405	426.2829568189553	0	0	125	59.8351948191917	892.6601409912109	0.0	274.2995053587437
1842701	126	1632.0	420.0	1633.447761668171	431.00268841496876	0	0	250	11.097529734346887	914.3049716949463	496.00000000000017	709.7330213102952
1842701	127	549.0	689.0	658.183118209154	682.9615104992853	360	150	0	109.34997328451591	655.3130149841309	242.65429970882388	490.5057605436451
1842701	128	917.0	568.0	905.559849700566	597.7416277087659	360	75	62.5	31.86599218038679	811.959981918335	152.20685398653737	222.26854036676608
1842701	129	865.0	308.0	871.4282253035456	336.7866905131761	360	0	0	29.49568835024072	863.5129928588867	143.29375006499737	382.79855561512346
1842701	130	882.0	689.0	1011.1275813061608	668.7862917235298	90	75	125	130.70013870025312	669.403076171875	264.1636614480521	133.23545429545413
1842701	131	1080.0	392.0	1195.5883629527239	383.90256132695373	0	150	62.5	115.87164520776587	767.158031463623	378.0000000000001	349.7129382282118
1842701	132	924.0	1166.0	879.6525905691936	1363.6561405861034	90	0	250	202.57009313967612	1457.4999809265137	681.8445029406321	1199.011948396169
1842701	133	1380.0	155.0	1268.6902747279287	224.77693221757804	0	75	62.5	131.37227717384087	727.82301902771	300.00000000000006	841.9504867444522
1842701	134	938.0	957.0	942.8610126270722	799.2642845866529	0	0	250	157.81059964628793	1091.1240577697754	0.0	399.8357757947173
1842701	135	1239.0	575.0	1171.6523701998503	541.5331105486999	360	75	62.5	75.20462704676851	935.4581832885742	95.51470583813368	526.4519644756829
1842701	136	1233.0	802.0	1169.7564682578964	690.6972906696121	360	0	250	128.01577016719182	897.8729248046875	92.8839775960181	394.8036332871632
1842701	137	961.0	427.0	993.5687847898805	288.4278851177542	0	150	125	142.3480128615355	893.2738304138184	496.0000000000003	430.97783202216283
1842701	138	490.0	1199.0	665.9772628031151	1169.743257018912	90	75	125	178.392696132824	909.8880290985107	454.097483318424	792.7876259280526
1842701	139	1539.0	1036.0	1626.2517042258378	966.0227990112569	0	75	250	111.8466295805646	1130.6111812591553	741.0	820.9001010980435
1842701	140	976.0	391.0	962.5227342403316	458.44755232716545	360	150	0	68.78087675569753	1089.1268253326416	319.90587623551187	933.4494678563938
1842701	141	814.0	577.0	767.5098844165865	630.7836690133071	0	0	0	71.09158810641465	663.999080657959	253.0	237.45280701397292
1842701	142	1537.0	1145.0	1303.399565573857	1076.5203110197126	0	0	125	243.43095687878244	933.4111213684082	528.0000000000001	859.3438616313285
1842701	143	1520.0	308.0	1522.9488344046943	341.602282522053	0	0	125	33.73142474070989	933.9218139648438	528.0000000000002	707.8448509385826
1842701	144	926.0	359.0	950.1670284851574	367.76096264743495	90	0	125	25.70602521418198	964.9219512939453	407.39036235701644	594.6762310997242
1842701	145	239.0	747.0	324.5334602523541	952.7280166286918	90	75	250	222.80033583618385	1226.6299724578857	825.693275969596	1093.0201462536634
1842701	146	696.0	252.0	793.0408460095912	359.815867835911	360	75	125	145.05580702428915	1093.4369564056396	192.99327041702722	498.06935637351785
1842701	147	780.0	604.0	877.74681109588	588.8016814524159	360	0	250	98.92132210038186	1177.5939464569092	154.46229246452097	235.323231438393
1842701	148	675.0	799.0	687.7001850742784	891.6782396859945	360	150	62.5	93.54437883815133	1150.7019996643066	288.270741665087	690.5891526554906
1842701	149	1488.0	947.0	1631.8764431699888	863.2595117364943	90	150	250	166.47192037655282	1081.6080570220947	682.3926394958135	684.0811342920546
1842701	150	608.0	348.0	676.0687253747337	387.15321093772116	0	0	0	78.52595304021854	672.123908996582	252.99999999999997	484.53726764318344
1842701	151	806.0	508.0	784.1531649705687	541.1242212178515	360	75	0	39.67994748096766	624.1528987884521	70.78613537639752	237.06796011912454
1842701	152	664.0	1190.0	851.543220439784	1021.3342581827993	360	150	125	252.23122724133904	837.3899459838867	252.90697688889367	704.2259634507564
1842701	153	929.0	1063.0	956.5119510363721	989.9560294861108	0	150	0	78.05337326638521	575.9828090667725	189.99999999999997	471.6711130470398
1842701	154	1388.0	330.0	1290.7352544005337	365.0544876610887	0	0	0	103.3888187460826	599.2980003356934	210.00000000000006	538.0525507704972
1842701	155	642.0	680.0	853.8373504782197	912.9325573633205	360	150	250	314.85336164228687	1938.169002532959	414.2868925563655	1567.4817041940182
1842701	156	1484.0	517.0	1479.8894143523257	497.99100348373304	0	150	62.5	19.44836401660343	807.7330589294434	406.0000000000001	781.2457220417605
1842701	157	1376.0	490.0	1378.4430005833497	480.00382822943214	0	0	0	10.290369377089652	759.688138961792	325.00000000000006	746.347633453879
1842701	158	578.0	44.0	750.1640444732338	-216.20317868716475	0	150	250	312.00344935318617	1179.229974746704	820.0000000000003	786.1060526438812
1842701	159	1411.0	1019.0	1238.999950934781	920.0885602570888	0	0	0	198.41242347810098	624.0439414978027	230.99999999999997	661.2801415436705
1842701	160	1116.0	720.0	1117.214531981879	723.6268212554166	0	0	0	3.824777163933711	1535.7329845428467	0.0	512.8971586324355
1842701	161	742.0	360.0	765.4495424671074	382.33990265574624	360	75	0	32.38753298083838	761.2171173095703	161.8564104395266	362.36350116740823
1842701	162	628.0	405.0	632.5476922541969	301.8683035419858	90	0	250	103.23191521591981	1130.0220489501953	551.0393142543433	509.73404548091946
1842701	163	1901.0	274.0	1738.346245496775	265.9343010168689	90	150	250	162.85361326689025	1370.5449104309082	739.0559129762429	1278.3538987794907
1842701	164	1038.0	532.0	1207.2502027656856	638.3009187092771	0	0	125	199.8637447229037	829.5559883117676	435.00000000000017	193.161939836354
1842701	165	1524.0	262.0	1466.187705329041	269.66201146981336	0	0	62.5	58.31781747361055	815.6580924987793	406.0000000000001	816.04889943573
1842701	166	592.0	591.0	623.4651895927913	588.4680133629104	360	75	0	31.566898999437687	841.2280082702637	173.0233371670539	470.38706353133705
1842701	167	1239.0	630.0	1260.3345075595491	752.4223308276144	0	0	62.5	124.26740641887686	775.2590179443359	377.99999999999994	381.33357021188476
1842701	168	1100.0	667.0	1138.9696628579402	689.2740711321895	0	0	62.5	44.88617680381525	1143.6960697174072	0.0	671.5758707510296
1842701	169	879.0	594.0	836.7250710176772	689.9995529769976	90	150	62.5	104.89558518948166	710.6180191040039	317.3675595726894	214.68872992615505
1842701	170	738.0	275.0	772.9365688887245	345.6137572339447	0	150	0	78.7836693510214	665.0159358978271	253.00000000000006	459.81832878244165
1842701	171	328.0	883.0	442.88923042174474	841.3152816873421	0	0	125	122.21763787484355	781.3849449157715	378.00000000000045	704.7871304510979
1842701	172	1169.0	604.0	1218.7227909755804	689.1771456572724	0	0	62.5	98.62809987382632	783.5590839385986	377.9999999999998	250.2316463386718
1842701	173	1263.0	412.0	1194.884875177083	520.0586997098738	0	75	0	127.73547985047172	657.0839881896973	253.00000000000017	479.14094218990766
1842701	174	663.0	449.0	693.3026233696667	465.1346178957709	0	0	0	34.33037835105226	704.2121887207031	300.0	381.40719381441215
1842701	175	314.0	432.0	317.3537241284471	360.3424070964185	360	150	125	71.73603060014639	1109.3530654907227	525.8728209158976	836.8448558101478
1842701	176	1268.0	609.0	1407.5056831000436	455.3301724662785	0	0	250	207.54819081710517	954.0700912475586	561.0000000000002	381.6907036454968
1842701	177	1362.0	139.0	1336.9491078361639	44.26527502129659	0	75	62.5	97.99089404120527	935.3129863739014	496.00000000000006	1159.862713946701
1842701	178	1054.0	517.0	1061.2774552112269	410.0230390840523	360	0	62.5	107.22421145041643	1120.1608180999756	103.73384971120969	1189.307749055846
1842701	179	936.0	431.0	1005.1978493979947	668.1755651945444	360	150	250	247.0639412918428	867.3019409179688	284.4900012080345	207.4788196023735
1842701	180	44.0	827.0	217.93268019957503	882.6767126802006	90	75	125	182.6265960266501	1013.8068199157715	598.0423505047761	970.8422918900475
1842701	181	700.0	346.0	712.2841227648723	321.28748932722823	360	150	62.5	27.597243627839237	1175.10986328125	213.87205874626045	939.8368003015561
1842701	182	1150.0	799.0	1114.1380521200458	727.4419902882801	0	0	125	80.04141465296047	877.5298595428467	0.0	310.2255978029395
1842701	183	727.0	125.0	859.0997086822845	222.97173735722333	360	150	125	164.46517672363706	942.115068435669	246.00105563440184	668.5912689938044
1842701	184	714.0	236.0	759.7174277348744	190.30607629272666	90	150	62.5	64.63758861884915	867.4309253692627	416.77773954697466	675.6459030773011
1842701	185	1323.0	952.0	1250.982141670116	851.1123090427196	360	75	250	123.95522621138223	1170.0050830841064	264.2744813719901	589.5911837292425
1842701	186	1347.0	592.0	1300.2620449125968	523.9152607345667	90	0	62.5	82.58309855287675	976.2918949127197	192.44468354831673	776.0742303323331
1842701	187	1121.0	640.0	1142.4734312289606	671.7489907512086	360	0	250	38.32892722820753	1098.667860031128	256.0094226192506	259.1209849018117
1842701	188	1039.0	682.0	936.1160620228179	851.2527036175352	0	75	125	198.06964021661133	829.4270038604736	435.0000000000001	181.78385467165361
1842701	189	1021.0	294.0	1014.9512894826344	407.69722887021175	0	0	62.5	113.85801136366382	974.999189376831	0.0	572.3036754828371
1842701	190	845.0	761.0	807.9973278798154	740.1711675490981	360	0	125	42.46219501275964	965.5458927154541	62.17309970350478	434.79538451923906
1842701	191	887.0	368.0	960.9378370408859	320.0017500411068	0	0	62.5	88.1512095515484	761.145830154419	350.99999999999994	543.2281015680749
1842701	192	874.0	1071.0	1090.231517932353	1191.8494364183593	0	0	250	247.71083066746306	986.5748882293701	594.9999999999998	530.5883318125477
1842701	193	735.0	797.0	805.2406718558343	726.6868199631139	0	0	250	99.386595019945	1050.2409934997559	0.0	361.7608065200412
1842701	194	1531.0	439.0	1651.5952627230308	519.5338128904049	90	75	250	145.0134904410744	1201.9100189208984	795.0649133130752	841.7997697954996
1842701	195	1038.0	572.0	945.9536796131857	520.9995377832415	90	150	125	105.23104220274107	629.1937828063965	238.53549841789527	130.53160769472527
1842701	196	1117.0	417.0	1110.9632846254258	468.81277998561495	0	0	125	52.16326391581878	949.2158889770508	0.0	268.2248475104366
1842701	197	1162.0	551.0	1170.7112247874425	553.1233065518736	360	0	62.5	8.96626276720582	695.1339244842529	72.68647363394363	278.9291725984298
1842701	198	500.0	988.0	587.1722810109248	958.1228049349128	0	75	62.5	92.15016745294021	878.8220882415771	465.0	1075.850240853912
1842701	199	1152.0	716.0	1134.7826645654368	697.2163575094544	0	0	0	25.480617431273064	559.406042098999	0.0	236.44578286938687
1842701	200	588.0	491.0	720.164932608369	452.45824980221533	360	150	125	137.67002549459758	1060.5621337890625	121.1498206275497	543.3897445061865
1842701	201	1000.0	566.0	1039.8498761691583	685.2020278556122	90	150	62.5	125.68665830384461	698.4479427337646	293.7624125503806	153.81136412450323
1842701	202	313.0	1199.0	469.89513475825373	1446.9436311541756	0	75	250	293.41460008106014	1250.2100467681885	902.9999999999998	1027.0270290345454
1842701	203	1143.0	499.0	1138.8413482229607	510.469155226851	0	0	62.5	12.199832220988759	799.0038394927979	0.0	352.5526682976507
1842701	204	1073.0	1103.0	1156.7042578192604	1048.7777504427377	0	0	62.5	99.73191627620145	799.7660636901855	405.99999999999994	778.2787749990159
1842701	205	190.0	546.0	-116.03236873346606	747.3905304418687	90	75	250	366.3522300522728	1537.7931594848633	1175.8235630951997	1598.8991495389096
1842701	206	1065.0	423.0	1017.3707674301625	481.9826914867212	360	75	62.5	75.81227928382978	783.4889888763428	95.37184970714227	334.5881189355031
1842701	207	864.0	342.0	826.1408662291904	351.35012530951366	0	0	0	38.996651820119986	647.9589939117432	252.99999999999997	320.8910218429422
1842701	208	1230.0	575.0	1243.0655304207005	569.6847616654009	360	0	125	14.105312606526748	876.7549991607666	189.32932235518513	308.0370664749439
1842701	209	780.0	541.0	754.3491622000506	317.91075730408636	0	0	250	224.5590694816746	937.6089572906494	528.0000000000001	376.77991242932694
1842701	210	831.0	415.0	848.1338725910894	429.6711839892601	0	0	0	22.556888739682275	600.2469062805176	209.9999999999999	314.52180546862985
1842701	211	1040.0	798.0	1069.9959545147224	729.8816370989472	360	75	125	74.43029391026764	805.1519393920898	115.33610637868456	251.71908025612603
1842701	212	634.0	239.0	672.0636424778435	181.8374480883087	0	0	62.5	68.67603817735771	838.953971862793	435.00000000000006	946.1214874870202
1842701	213	959.0	588.0	994.5534247952239	595.2532743936621	0	150	0	36.285754837117516	614.9630546569824	231.00000000000003	99.24692082277983
1842701	214	823.0	59.0	878.562215796985	141.3246772422027	90	0	62.5	99.32025124466601	693.9070224761963	268.7880964834453	857.1020408213842
1842701	215	1195.0	626.0	1084.0019277146346	723.6708223071735	90	0	125	147.8518230568249	725.3861427307129	282.2973014145672	315.72830115142676
1842701	216	1077.0	380.0	1063.5782164965726	428.9106868697255	0	0	62.5	50.718828480961726	750.7870197296143	0.0	420.09590989413016
1842701	217	1145.0	406.0	1079.9076881667472	480.02829757637323	360	0	250	98.57584847138516	866.8861389160156	56.03235755367254	298.37209162340537
1842701	218	572.0	555.0	589.4564432403804	558.4230677472268	360	75	62.5	17.788895508342467	886.8489265441895	195.12836339773736	530.2384266878215
1842701	219	1282.0	616.0	1372.6417383339758	584.3850772736209	90	0	0	95.99702113711581	720.2351093292236	247.95922610453562	384.5128996538926
1842701	220	1304.0	531.0	1409.1756150378396	557.8160992540295	90	150	0	108.54037579532236	704.2629718780518	294.55763987489087	362.0115053374018
1842701	221	957.0	662.0	991.859271338932	660.2260868166073	90	75	0	34.90437746563459	576.2219429016113	184.49787588289018	73.3689083861453
1842701	222	978.0	291.0	932.3837936195812	342.85765725718704	90	0	0	69.06558405417887	761.0669136047363	195.93538553531428	324.4103104434406
1842701	223	1132.0	494.0	1101.699452202444	515.6906321144219	360	75	0	37.26401371772991	839.8499488830566	126.51872784489264	222.78607212766747
