user_id	turn	x_curs	y_cursl	x_targ	y_targ	angle	min_tim	lag	dist	elapsed	targ_dist_trvl	mouse_dist_trvl
1841603	1	906.0	996.0	1001.9551748552998	1187.6290977851859	90	150	0	214.31077130997286	1472.2099304199219	480.08880071787183	669.2335152768602
1841603	2	720.0	471.0	751.4182013284732	464.2608987256598	90	150	0	32.13283150770077	1040.5089855194092	267.651606921034	730.9397258165354
1841603	3	756.0	880.0	758.9413428856707	886.3811380425369	90	150	0	7.026408804574169	840.4181003570557	198.9584529413479	437.6069464528869
1841603	4	728.0	278.0	782.5932812898362	364.84275221933524	90	0	0	102.57723906900613	863.4910583496094	335.20846952109764	498.33787813338193
1841603	5	668.0	159.0	715.6454547190397	101.82283146260983	0	0	62.5	74.42659442253945	1064.7289752960205	629.9999999999998	943.9688936998524
1841603	6	699.0	967.0	732.57179839344	910.7341158324139	90	75	0	65.52034316553905	583.716869354248	201.37330462610512	574.7983134274488
1841603	7	1469.0	366.0	1312.4254606408497	363.5080396257599	360	150	125	156.5943684876212	878.166913986206	252.3484883187836	715.8973526670146
1841603	8	1919.0	1078.0	1756.450967238232	1365.3582376914753	0	150	250	330.14685341668303	1465.6388759613037	1225.0000000000002	1639.3784225193422
1841603	9	524.0	425.0	519.6305848776576	479.19622649368335	90	75	0	54.37207697583365	743.9939975738525	301.2687482146334	514.7742127452453
1841603	10	1187.0	1018.0	1165.040817864918	1170.1428172535307	0	75	250	153.7193628723556	889.786958694458	405.99999999999994	580.4801787905927
1841603	11	1068.0	534.0	1152.4841339772172	514.8946671689055	360	75	0	86.61744995361664	584.2628479003906	72.19719837715472	244.12739060462755
1841603	12	1382.0	0.0	1155.2924963565426	-251.82795780548358	0	0	250	338.8415743983147	1098.8860130310059	702.9999999999998	975.8627043364139
1841603	13	1140.0	516.0	1142.0397977747741	517.1657557158918	0	0	62.5	2.349417236488199	1749.4029998779297	0.0	1645.286978325784
1841603	14	0.0	823.0	253.12697394368206	733.5191995245908	90	0	250	268.47733347827614	1290.9259796142578	669.6512190994289	1599.151259693476
1841603	15	850.0	0.0	802.7739594472874	143.6766693871355	0	75	250	151.2391623636771	1018.9909934997559	495.9999999999998	700.3672103179933
1841603	16	671.0	271.0	719.1803316083867	334.097455438011	0	0	62.5	79.38912543066522	680.0661087036133	275.99999999999994	626.4171300379884
1841603	17	920.0	638.0	923.845889259829	622.5120826172254	360	150	62.5	15.958272119954632	1404.0889739990234	293.6997092501688	1313.9271123629637
1841603	18	951.0	1078.0	947.107705712114	1005.0115118636202	0	75	0	73.09219763598553	776.9389152526855	351.0000000000001	613.8404011162091
1841603	19	1130.0	335.0	1067.2393252556622	383.24672587672364	0	0	125	79.16216806144385	835.9060287475586	406.0	645.2012762090332
1841603	20	787.0	421.0	817.7896301327814	459.3720842000817	0	0	0	49.1977455740773	615.5970096588135	0.0	252.8968937888197
1841603	21	1394.0	175.0	1399.4057918523508	105.67373289392489	0	0	125	69.53670898463497	1037.0972156524658	630.0	744.7126121575735
1841603	22	877.0	501.0	747.1727801936856	299.0187201481167	0	0	250	240.10736018131945	970.0310230255127	561.0	311.77250976210456
1841603	23	1919.0	359.0	1868.856749205524	404.37910705296053	0	0	250	67.62846262604059	1114.8529052734375	741.0000000000006	1069.3676069195308
1841603	24	1116.0	0.0	1060.5123554157258	2.417029800736845	0	75	125	55.540262283935846	805.3610324859619	406.0	718.3200461088123
1841603	25	1150.0	538.0	1129.0255994737404	482.62650006286856	90	150	0	59.212751774625836	744.9908256530762	314.095579170676	319.49697295322767
1841603	26	479.0	737.0	534.0598489570318	710.7715853142984	90	75	62.5	60.98784062496628	744.9889183044434	341.3434663935436	755.0314980578128
1841603	27	735.0	531.0	685.6348821275404	542.3479048477093	360	75	0	50.65263869725338	975.7118225097656	169.10690708772654	781.3467949415915
1841603	28	1075.0	732.0	1059.9961093675388	758.2022856128453	360	0	0	30.19398127852601	992.0370578765869	104.06721703793163	720.3855593271269
1841603	29	533.0	672.0	413.6039263871224	737.6309256290232	90	150	125	136.24551659814009	942.0580863952637	509.92344569163635	594.9705566181021
1841603	30	1314.0	693.0	1353.5852965581746	892.049005039098	0	0	250	202.94704262603457	1026.0100364685059	630.0	522.6874227792495
1841603	31	1235.0	829.0	1202.6533485718085	786.412306178984	90	0	0	53.479131664692666	800.8120059967041	189.30219724879595	499.69219443526856
1841603	32	1415.0	1040.0	1425.8517876198505	1028.2608092498547	0	0	125	15.986553537727819	853.4018993377686	435.00000000000006	653.6324064202811
1841603	33	1549.0	291.0	1350.3434885754643	345.8089834547425	0	0	62.5	206.0787087467041	782.9020023345947	377.9999999999997	907.0136084273299
1841603	34	1125.0	493.0	1127.5232416830188	490.7481647933871	0	0	0	3.381938850521231	1288.2540225982666	0.0	391.45078674285094
1841603	35	961.0	865.0	922.744237491685	867.8365342022589	360	0	125	38.36077803399176	1638.1340026855469	182.4255027297993	749.0053225618407
1841603	36	1724.0	453.0	1524.8266246400308	447.0260461045903	90	0	125	199.26294582141375	965.0859832763672	485.4378494403835	1095.525871106475
1841603	37	1055.0	425.0	1053.4102239167967	423.15393680431015	0	0	62.5	2.4362547726389283	1486.2909317016602	0.0	712.6049343398614
1841603	38	1268.0	1145.0	1377.5834021737999	1215.6569972351303	0	0	125	130.38762705974054	965.3599262237549	560.9999999999999	635.9803438718739
1841603	39	1021.0	1040.0	1011.4030425497257	983.6625368092007	0	0	0	57.14902756020477	567.9361820220947	189.99999999999994	453.02664965508785
1841603	40	782.0	479.0	775.2555937614738	501.48902302495964	0	75	0	23.478568357705186	656.6181182861328	252.99999999999974	309.79300620690657
1841603	41	829.0	773.0	756.9745102606321	682.2119116234404	0	0	125	115.88851609743645	742.0439720153809	351.0000000000001	355.4313464309275
1841603	42	857.0	758.0	780.8036135009536	761.2834743012561	360	0	125	76.26709984652014	1077.5249004364014	171.88486458664482	460.7578752743336
1841603	43	1159.0	678.0	1147.6818019146572	669.1052908977845	0	0	0	14.395049771087763	600.9631156921387	0.0	278.042630350843
1841603	44	899.0	0.0	959.6398345932241	-240.07305388569154	90	75	250	247.61312715907397	1050.7709980010986	644.1957627366271	750.5950734510518
1841603	45	1054.0	634.0	937.8445527730014	631.512152383529	0	0	125	116.18208685622254	589.3480777740479	209.99999999999994	150.59016149167465
1841603	46	1151.0	377.0	1113.668594291597	375.1315874656278	0	0	62.5	37.37813287958599	663.5971069335938	253.0	630.6457430753017
1841603	47	1185.0	570.0	1180.2575873264695	583.3743887340619	360	0	250	14.190304858454015	747.7340698242188	116.75384313260608	359.16436613718537
1841603	48	1150.0	743.0	1191.8568061927942	784.7994501092196	90	0	0	59.15392002305745	688.9162063598633	222.65212238401418	499.1268139839646
1841603	49	700.0	640.0	708.5787654779089	682.6598223120947	90	75	62.5	43.51385591767811	607.5758934020996	220.32348860411264	372.28830030119906
1841603	50	1106.0	697.0	943.4635451456771	740.2521933372703	0	0	125	168.19289933019155	677.1237850189209	300.00000000000017	241.32457350255874
1841603	51	720.0	571.0	739.2197328392309	569.9825463679897	0	0	62.5	19.24664496229673	577.1150588989258	210.00000000000003	329.8954505681412
1841603	52	772.0	171.0	771.2833704856873	195.83708764509214	0	150	62.5	24.847424022436865	622.8370666503906	253.0	703.2043812984662
1841603	53	958.0	551.0	1141.5569972749881	557.1690200656359	0	75	250	183.66063284542014	762.4061107635498	377.99999999999983	144.33306508479558
1841603	54	521.0	369.0	599.9878018694926	423.8139605668776	0	75	62.5	96.14386676851225	639.6188735961914	253.00000000000006	889.1408572796649
1841603	55	734.0	720.0	755.6693597664323	754.6974549354189	360	0	62.5	40.90812305254914	1145.4179286956787	113.53987983224013	932.1604073736734
1841603	56	236.0	445.0	459.07342846613466	458.3536285418671	0	0	0	223.47275870420955	784.9650382995605	351.0000000000007	818.7890846388198
1841603	57	1030.0	550.0	1039.0404924049224	503.17475062704415	360	75	0	47.689983033787726	552.3030757904053	83.14958245765405	187.81206080742044
1841603	58	712.0	415.0	714.2762159070908	526.4449918774267	360	75	62.5	111.46823481788608	602.01096534729	87.20204000222557	438.7001875131903
1841603	59	439.0	671.0	442.19794286608476	860.9170257405699	90	75	250	189.9439483234963	898.0541229248047	405.10001254788716	590.5701347094785
1841603	60	723.0	1007.0	642.55846155155	1076.2590833925003	0	75	125	106.14924276848507	836.7209434509277	434.99999999999983	503.3863890267314
1841603	61	960.0	1081.0	851.1010879708671	1006.80348471466	90	75	125	131.7728952463917	765.5801773071289	323.5027516492746	538.5707530283933
1841603	62	960.0	717.0	891.3766463586073	774.3534104456528	90	75	62.5	89.43477150828505	687.140941619873	273.07576237679604	197.91717660419152
1841603	63	1035.0	359.0	1065.321669916562	473.08469662973636	90	0	62.5	118.0454220697606	715.9430980682373	133.1943396103342	441.26109779884655
1841603	64	508.0	449.0	467.01036479011293	448.7015288490769	0	75	125	40.99072187297446	780.8029651641846	377.99999999999983	507.2831285405055
1841603	65	602.0	372.0	659.1356723196637	353.5764916122303	90	150	62.5	60.03258042708317	687.0620250701904	272.4658401035956	585.9285702391602
1841603	66	1045.0	409.0	1030.8171931429554	392.07746464984007	360	75	0	22.07995047597808	831.9480419158936	151.04424502702622	751.7302677579509
1841603	67	826.0	903.0	663.4264015814606	1077.8546009508593	0	0	250	238.75574626893646	858.0570220947266	434.99999999999983	372.79634241191565
1841603	68	1042.0	249.0	906.0610529008773	297.3638691939376	0	150	0	144.2860394557505	568.000078201294	190.0	456.35167750216436
1841603	69	746.0	645.0	767.1154849417062	652.8730919346203	0	0	250	22.535511552534256	1162.240982055664	0.0	248.54958496063236
1841603	70	865.0	469.0	824.1371671844875	468.64490862691787	360	0	125	40.864375629535395	1157.4888229370117	181.92565034629112	821.5392791221255
1841603	71	255.0	152.0	372.6660990841093	244.09748191459514	90	0	250	149.4230807093757	1202.8138637542725	705.1081276934942	1021.5349922401458
1841603	72	1035.0	454.0	1006.5628911929794	477.82135856696027	360	75	0	37.09617610048269	928.001880645752	114.38579298131816	594.0472159919741
1841603	73	1020.0	834.0	1239.1982991497105	563.2698472863777	90	0	250	348.34280520554347	1666.2170886993408	422.7842695864774	1385.299279473594
1841603	74	959.0	662.0	919.0579548828937	628.0547894536236	360	150	0	52.41797675583045	593.0130481719971	169.45006059657257	124.37095517084957
1841603	75	1228.0	91.0	1145.6016538307213	245.07075285614997	90	0	125	174.72058933363616	877.5389194488525	252.7450494945474	601.83585492189
1841603	76	801.0	697.0	762.3003559034617	616.8842881523434	90	75	62.5	88.97297195247262	679.2440414428711	271.7587906405783	258.2545683199273
1841603	77	1162.0	890.0	1135.5335814627308	828.1069384109882	0	150	125	67.31435495532226	797.2118854522705	406.00000000000034	729.8302795544412
1841603	78	1145.0	715.0	1159.5747516530826	740.39709219249	0	0	0	29.28200262247908	583.5330486297607	210.0	295.73284070113027
1841603	79	1165.0	212.0	1167.449619664251	210.95506969553702	0	75	62.5	2.663177771135534	718.4879779815674	300.00000000000006	593.4833567395517
1841603	80	1108.0	476.0	1110.9021150124186	468.742422371968	0	0	62.5	7.81631016351165	1189.589023590088	0.0	680.3048246147725
1841603	81	1084.0	499.0	1040.2223138369334	520.2880358121039	360	75	125	48.67921809693919	869.3978786468506	110.33865000248501	264.56164805092
1841603	82	751.0	516.0	780.5149483976937	511.7666942061136	0	0	0	29.81699275351349	560.305118560791	0.0	241.65123833296897
1841603	83	902.0	300.0	882.1018631363705	282.32138451539674	360	150	0	26.617086544101408	576.7800807952881	181.4585556378664	312.6852970715495
1841603	84	838.0	888.0	931.1134625106766	868.3867777332692	360	150	250	95.15668861625738	1098.473072052002	202.2182664089699	469.84951765883187
1841603	85	738.0	685.0	697.4092507071049	842.5240047096427	0	150	125	162.6696683094983	749.3460178375244	350.99999999999994	300.4309861312878
1841603	86	861.0	754.0	748.5635820488965	665.5639611237394	360	75	250	143.04852691935946	1082.0560455322266	257.7764303787524	400.5440556383121
1841603	87	629.0	1142.0	653.5715712053495	1452.2838302674122	90	75	250	311.2552287704029	1162.735939025879	722.9403760899156	686.6810946646569
1841603	88	1263.0	851.0	1303.4113681454571	730.4080672209218	360	150	125	127.18291130014826	789.8499965667725	216.34632707174762	535.6659471750487
1841603	89	1459.0	960.0	1558.9270245030136	926.0544821604406	90	150	250	105.5353419827772	962.5289440155029	489.0174829494961	781.2918261969909
1841603	90	906.0	545.0	684.9173476245104	514.9145935637322	360	150	250	223.120305803432	1594.0110683441162	224.2554675528881	1267.9998258521998
1841603	91	768.0	708.0	784.8724158032019	696.5936294658886	0	0	250	20.366239314060426	1106.3098907470703	0.0	242.17970764151448
1841603	92	959.0	885.0	943.849669669557	886.4945189476049	360	150	0	15.223866000667883	641.542911529541	97.77863126502797	354.9254100039217
1841603	93	1113.0	363.0	1118.329091544218	299.6639417388017	90	75	0	63.5598575576799	640.4190063476562	222.54827245975144	343.25869044034226
1841603	94	554.0	494.0	337.6887917997168	501.283206311088	90	150	250	216.43378638104573	963.0999565124512	519.8191791507589	456.7790539337086
1841603	95	1023.0	685.0	914.5389850745287	733.7414715829581	0	150	62.5	118.9097254674134	571.9718933105469	210.00000000000009	166.60445571747744
1841603	96	1310.0	485.0	1274.6237713110313	517.4222001101836	90	75	0	47.986212772409935	480.00097274780273	130.8945121142383	393.46176708636597
1841603	97	979.0	210.0	1000.0945319563327	209.81716494189067	0	150	62.5	21.09532429509479	584.2249393463135	231.00000000000009	598.9059300054907
1841603	98	850.0	554.0	928.5411226112612	759.7857079190264	0	0	250	220.26453533143285	730.1239967346191	325.00000000000017	207.41206656758925
1841603	99	976.0	436.0	967.9675488319398	455.33557666824106	360	0	0	20.937640670827744	432.1451187133789	59.569834535587134	175.24942917820914
1841603	100	952.0	377.0	936.0464160735924	440.3823004374552	0	0	0	65.35925985536227	392.0021057128906	91.0	222.01025978722697
1841603	101	1270.0	583.0	1234.6189935154264	588.7492342718152	0	150	0	35.84507378390586	448.9710330963135	120.00000000000004	382.0497683381708
1841603	102	839.0	757.0	836.2507889205373	757.1182126846235	0	0	62.5	2.751751405604527	535.768985748291	0.0	267.2729170247362
1841603	103	965.0	789.0	961.2812972708139	799.9958956511452	0	0	250	11.607690173283027	722.5210666656494	0.0	189.32810521127217
1841603	104	925.0	411.0	897.3869315412703	404.05586285760836	360	0	0	28.47283952047697	968.9910411834717	70.35572702352596	584.0497069971367
1841603	105	1096.0	615.0	995.8560250303822	644.8664237479584	360	75	250	104.50272240572517	755.3150653839111	157.58274108762825	169.66571195223952
1841603	106	1003.0	835.0	1031.1841006496502	965.9979172552509	360	150	250	133.9955143079169	810.0769519805908	194.84130962863273	255.48097435011704
1841603	107	828.0	468.0	667.5800687548914	538.2322952168511	0	0	250	175.12032900869133	801.9459247589111	405.9999999999999	247.21984245106518
1841603	108	707.0	560.0	811.0181669035828	530.2910366605513	360	0	0	108.17763885704994	576.4169692993164	55.892401537019154	325.1178278078561
1841603	109	1093.0	605.0	1007.1541543043712	718.640866798438	0	0	125	142.42105121750095	596.7350006103516	231.0	159.61566875210954
1841603	110	701.0	576.0	727.5606381102932	429.0987933093911	90	0	125	149.283060070401	717.4580097198486	275.5272533988977	286.0634549797179
1841603	111	913.0	694.0	1017.2607829769902	715.9621353595428	90	150	62.5	106.54879753674336	599.1089344024658	208.70210220594709	171.34066570659934
1841603	112	1087.0	434.0	1108.203215871456	386.30429987829274	90	150	0	52.19632337043855	552.2351264953613	185.35696468480847	222.81933308358683
1841603	113	1091.0	708.0	1125.4501999353656	739.8578446155757	360	150	62.5	46.922686827768395	668.1990623474121	122.94576980503831	267.28552977810034
1841603	114	1088.0	691.0	1134.1581771937751	685.2833624864118	0	0	0	46.51082955950913	585.0729942321777	209.99999999999937	239.49032045468056
1841603	115	1117.0	1082.0	1077.1270594672017	1320.42699614173	90	150	250	241.7380480518128	962.5601768493652	538.8018332944459	522.5601281936906
1841603	116	967.0	484.0	929.3771403918065	538.1665217637322	0	75	62.5	65.95067585005265	503.3409595489502	153.00000000000006	172.29387962073875
1841603	117	684.0	647.0	654.2798227496536	667.5371295224269	0	150	0	36.12565051058522	528.4299850463867	171.0	298.82554137484794
1841603	118	1105.0	775.0	1169.86655204984	776.4618009486292	0	75	0	64.88302117540474	536.0219478607178	170.9999999999999	238.27199463038983
1841603	119	963.0	477.0	975.1198288797694	707.1032180706228	90	75	250	230.42218039618385	722.2959995269775	309.4554630493252	134.87074098941062
1841603	120	1194.0	313.0	1138.5238111649523	341.6265191029489	360	0	250	62.42663793296388	939.0640258789062	153.3912707184573	399.8527098702973
1841603	121	946.0	288.0	947.3068493319867	400.40319660345483	0	0	125	112.41079335122332	764.815092086792	0.0	333.7974010143229
1841603	122	940.0	413.0	870.4795903067542	395.78842184136977	360	150	62.5	71.61931154812495	674.7541427612305	82.24696745702194	291.9834727362961
1841603	123	945.0	456.0	906.9224552626516	399.55476662225294	90	0	62.5	68.08791217457838	574.9669075012207	92.13391162998626	275.0717553123952
1841603	124	890.0	799.0	863.9802751478034	774.974659111277	360	0	125	35.41529452374165	869.1630363464355	46.0829392468589	290.77616554211943
1841603	125	830.0	492.0	741.4220679401601	523.0736080799979	0	75	0	93.87022513612571	585.1600170135498	209.99999999999994	241.918433548275
1841603	126	883.0	517.0	1017.0724687988748	511.6052927744968	0	75	62.5	134.18095899148335	583.4848880767822	231.00000000000003	182.36054937047615
1841603	127	960.0	465.0	991.1540746606535	458.17748159642446	90	150	62.5	31.89236782254803	640.4519081115723	246.30570947244686	299.15876081536203
1841603	128	1243.0	574.0	1169.937542456434	551.0646177666245	360	0	125	76.57776740344706	677.9079437255859	69.37425038718813	324.61404281756654
1841603	129	989.0	367.0	971.311924239798	400.3201553235954	0	0	0	37.72400793774656	527.7419090270996	0.0	238.5202293865073
1841603	130	1233.0	569.0	1234.1100810418764	571.169531277192	0	150	0	2.437036290712115	552.0009994506836	189.99999999999977	327.52679937733353
1841603	131	1352.0	493.0	1278.653857026868	563.841583965849	90	0	62.5	101.97149948797238	567.835807800293	141.65789556991186	561.9030473728989
1841603	132	929.0	895.0	977.3896966279668	909.2258466802361	360	150	0	50.43746081551142	767.9979801177979	149.25263439012846	490.66530033062577
1841603	133	1529.0	777.0	1460.7369757163815	561.5249535998769	90	0	250	226.02950273245548	890.733003616333	329.4508050479113	664.7832996457003
1841603	134	969.0	716.0	1106.1618402597303	594.0634970598428	0	150	125	183.52624110113175	685.2409839630127	300.00000000000006	155.55119837880378
1841603	135	1050.0	626.0	845.0817831864925	597.0786416573995	360	75	250	206.9490771914887	755.0668716430664	307.03292141632807	157.631522442556
1841603	136	1010.0	879.0	946.045908044107	1017.5642197137255	0	0	62.5	152.61116886642472	607.7139377593994	231.00000000000009	426.19187807815933
1841603	137	717.0	542.0	771.98482826095	392.1181756993511	360	150	250	159.6492799688641	769.7288990020752	133.88708384329095	329.667439975531
1841603	138	1041.0	319.0	1162.5783826816216	294.5559058516269	0	0	125	124.0113578435998	726.0441780090332	325.0	340.5630109326018
1841603	139	996.0	731.0	1042.15069245761	728.929863019627	360	0	0	46.197098192791294	552.9489517211914	58.63102883687283	146.38786431181936
1841603	140	581.0	365.0	556.670571609784	69.19213017938452	0	75	250	296.80669961037745	1003.6389827728271	595.0000000000002	492.5122596179966
1841603	141	1078.0	767.0	1077.3077160251364	761.9842577566287	0	0	125	5.06329214580712	917.0680046081543	0.0	213.31586626377228
1841603	142	901.0	0.0	804.4313180392505	-82.3306387177434	90	150	125	126.90092358729297	917.5829887390137	510.03334267836044	680.9807101468622
1841603	143	1347.0	465.0	1195.762966599184	514.1209968208859	90	150	0	159.01418993459993	505.01203536987305	143.30726465941976	432.2708091845941
1841603	144	887.0	624.0	932.4786406528733	611.1335025387615	0	150	62.5	47.26365953407795	526.8690586090088	170.99999999999994	162.3270576788175
1841603	145	684.0	184.0	747.4292400008095	252.55388185056634	0	75	62.5	93.39648389453266	584.2909812927246	209.9999999999999	677.31825858632
1841603	146	947.0	739.0	1051.2654378658253	754.7050366850349	90	150	125	105.44159383578463	653.6250114440918	260.87185932615967	167.78392997381204
1841603	147	1067.0	763.0	995.0089456617466	959.8695058026968	0	150	250	209.61945095751835	730.8909893035889	324.99999999999994	215.39200237376636
1841603	148	1051.0	811.0	1117.25180981262	808.3057860687211	0	0	62.5	66.30656899700861	608.0670356750488	230.99999999999963	363.53978240931883
1841603	149	695.0	140.0	730.00876590903	288.3237828831412	360	150	250	152.39933811942382	835.1900577545166	194.98183957822602	583.3709772404238
1841603	150	734.0	487.0	801.8420241794299	624.8547731911287	360	0	62.5	153.64400000110612	560.4259967803955	68.56966419131723	348.20911958527205
1841603	151	865.0	378.0	790.0685946928501	361.93748565900006	0	0	0	76.63367320087956	511.807918548584	153.00000000000006	287.64427387372393
1841603	152	1021.0	715.0	1027.345495262687	781.3718104683965	90	0	62.5	66.67445189112188	583.5320949554443	170.94737679710687	179.07627297971024
1841603	153	1322.0	651.0	1516.9880266664077	626.582985681649	0	0	250	196.51086771851135	793.8950061798096	377.99999999999994	373.1492372189473
1841603	154	1118.0	692.0	952.103483073587	743.0227927191373	90	75	125	173.5654911126509	613.3308410644531	241.4414078139264	242.34768801248606
1841603	155	1189.0	479.0	1106.214577468713	470.53795414161715	360	150	125	83.21677958076175	621.1180686950684	97.93360241638099	302.984201004509
1841603	156	1076.0	593.0	1004.9768298772883	628.3280156054902	0	150	62.5	79.32439335350387	526.116132736206	170.9999999999999	181.29721836101876
1841603	157	966.0	704.0	1020.0991413077223	749.1142621105471	360	75	125	70.44156256083515	677.0551204681396	72.26153338097663	111.48081334523778
1841603	158	754.0	362.0	876.1305362994118	302.1086756600447	360	150	125	136.02513969107207	773.4241485595703	231.67403291985391	448.3521002626301
1841603	159	870.0	929.0	832.3016899243113	1041.8899436440863	90	75	125	119.01807408342547	773.0798721313477	358.0054158829413	377.0110558667669
1841603	160	1150.0	731.0	1148.4007828850065	911.0073385204031	0	150	250	180.0144422444485	778.6679267883301	377.9999999999997	274.6315457156282
1841603	161	926.0	1019.0	884.080127746728	974.1712533792534	0	0	0	61.375012939450784	607.8698635101318	210.00000000000006	454.8220330538164
1841603	162	1162.0	256.0	1258.6506916894327	105.27597008937518	90	150	250	179.05052191084144	842.461109161377	387.70949515497716	408.16305585077095
1841603	163	1038.0	1137.0	1120.8949322324095	1210.9188714735237	0	0	250	111.06560831209217	850.2659797668457	434.9999999999999	596.6371103861146
1841603	164	1292.0	615.0	1221.379071018765	594.5421464675538	0	0	0	73.52441350549938	504.6379566192627	152.9999999999997	410.6909261759798
1841603	165	1135.0	641.0	1153.4041374612764	650.9395682437505	0	0	250	20.916674988289365	1817.7919387817383	0.0	569.2815581049389
1841603	166	1171.0	689.0	1207.1838134463624	657.9087921791496	360	75	125	47.7067244660589	781.6128730773926	158.8323688978564	376.0575533087733
1841603	167	1265.0	855.0	1403.471923077252	917.2216674501315	0	150	125	151.80912153420547	765.4068470001221	351.00000000000006	431.74796706976826
1841603	168	892.0	655.0	949.876022868048	604.5833251996924	360	150	62.5	76.75594518304622	607.9139709472656	198.5289385346436	246.58802020659311
1841603	169	781.0	237.0	727.05567926008	225.87252570234946	90	75	62.5	55.08003653172573	746.11496925354	317.90188806791497	660.4001898210663
1841603	170	839.0	728.0	819.6551802271342	752.3239380932404	360	0	250	31.078545918502183	946.2530612945557	130.81759004138786	198.4932574735933
1841603	171	863.0	546.0	1001.4390569466314	536.6852059943604	90	150	62.5	138.7520734102382	591.4409160614014	230.10705031380127	182.4873671151624
1841603	172	764.0	659.0	750.5762974555937	677.6218516678363	360	150	0	22.955808623082664	576.9050121307373	164.28678335623073	264.0293334591869
1841603	173	1451.0	483.0	1496.607377594232	479.65925672208004	90	75	125	45.72956873481125	797.3079681396484	362.8924884976145	518.2783143225987
1841603	174	979.0	660.0	888.5616963738278	465.28495726712265	0	0	250	214.69288444018346	746.2868690490723	351.0000000000002	128.9620899869615
1841603	175	752.0	506.0	784.7244244596368	503.6751713264205	0	0	125	32.8069014778289	837.6491069793701	0.0	273.3237146532682
1841603	176	1100.0	570.0	1099.305402027851	537.7280861101215	360	75	62.5	32.279388043434906	638.7169361114502	165.16741238230162	255.7326789720694
1841603	177	1052.0	648.0	972.3522427282953	711.9800547612851	0	0	62.5	102.16267736149749	559.0579509735107	190.00000000000045	119.1957548802713
1841603	178	757.0	616.0	719.4697160618767	603.0847015461767	90	150	0	39.690391112049824	560.3370666503906	187.22373461418815	256.7172129712494
1841603	179	1065.0	271.0	1052.1169418915445	212.25096730475974	90	0	0	60.145008345267115	680.0007820129395	235.63000690720287	375.023109800117
1841603	180	1223.0	238.0	1213.1343770550448	234.27849453930085	90	75	125	10.544198356728739	764.9679183959961	323.4492999620546	501.0732574920568
1841603	181	916.0	659.0	1140.003127609514	588.7098452772896	0	150	250	234.7724579881268	770.0488567352295	378.0000000000002	245.39621194856923
1841603	182	918.0	491.0	908.9707630208427	543.5383874390274	90	75	0	53.308622896480166	464.98894691467285	129.37055028941305	152.55095052682438
1841603	183	881.0	385.0	936.9692639085048	266.8166886083785	90	150	125	130.7664085074941	780.0428867340088	358.58609588565577	257.166531368965
1841603	184	1102.0	756.0	1032.2835800231614	708.6772675558487	360	75	62.5	84.2604309291595	632.0531368255615	136.12494497762117	433.26349851955234
1841603	185	911.0	653.0	914.7805663804306	650.6875413154856	90	150	0	4.4317205828468245	504.0011405944824	143.80367554928387	93.80061623774289
1841603	186	882.0	326.0	864.9368925677323	372.79768702635266	360	0	250	49.81137567124164	730.2980422973633	66.39685837099891	307.0099790625567
1841603	187	839.0	716.0	825.5137225860767	748.0318924669454	0	0	125	34.75516959387838	957.5810432434082	0.0	250.3629715908035
1841603	188	972.0	786.0	1117.7235686451195	731.786453032613	0	75	125	155.4814044619289	717.1878814697266	300.00000000000006	216.32262213167536
1841603	189	970.0	51.0	1028.9312602535003	-222.5023045930427	90	75	250	279.7792058977424	1098.2799530029297	633.6602426235276	565.4566410022157
1841603	190	718.0	544.0	752.2061395506026	580.2218356127859	90	0	0	49.82049134758694	513.0219459533691	69.0280385313888	275.78207100555795
1841603	191	703.0	715.0	622.8489250056837	857.2317013709533	0	0	125	163.26068631982577	772.4981307983398	377.99999999999994	335.9056641256288
1841603	192	1126.0	1015.0	1149.9324686585283	1154.5991150312636	90	150	250	141.6357157414874	857.6960563659668	413.1948196554913	465.20276334911705
1841603	193	1116.0	576.0	948.8504798339995	447.7697579287825	0	75	250	210.67025673636806	721.4930057525635	299.9999999999997	246.87206523748134
1841603	194	1286.0	864.0	1237.5971012627413	881.0938173208285	90	0	125	51.33263286416528	653.4299850463867	232.0982607834209	527.5255964872634
1841603	195	648.0	384.0	694.2335754980185	432.6941479364022	360	0	62.5	67.14658253837791	742.995023727417	116.59500696000273	567.7438119305081
1841603	196	1120.0	599.0	1125.7960917368	596.4149108608627	360	75	62.5	6.3464450898662	886.0518932342529	92.6910217562722	635.4727338123895
1841603	197	1061.0	549.0	949.686170898656	544.53379115333	0	0	62.5	111.40339119912508	590.9218788146973	190.00000000000006	195.74675004820173
1841603	198	794.0	410.0	819.0772869756931	458.08175256906236	0	0	62.5	54.228454266868084	651.9200801849365	0.0	345.8473501344607
1841603	199	1091.0	793.0	1053.0218443265494	777.0506607671578	0	0	125	41.19128221263728	733.3841323852539	0.0	283.869062946049
1841603	200	1207.0	761.0	1277.1117811336276	790.2866650528935	360	150	62.5	75.98269937064664	775.1049995422363	244.26115644833754	509.08796387804455
1841603	201	894.0	427.0	972.779971213101	449.3489503899942	90	0	125	81.88870158862849	677.2060394287109	219.07277221997668	204.00836903015949
1841603	202	1101.0	302.0	1130.3527394260152	474.89380695998676	90	0	250	175.36776156673926	778.0001163482666	217.16359543126524	336.09352368084785
1841603	203	1040.0	850.0	1165.6180586490077	1130.3637703011389	0	150	250	307.21936845878594	777.9791355133057	378.0000000000002	268.75479084273604
1841603	204	690.0	841.0	648.5226541125758	829.7590025601736	90	0	62.5	42.9735993990172	591.3841724395752	191.0450952988048	482.5034700675174
1841603	205	964.0	559.0	903.9722106858214	519.9095560384823	360	150	125	71.63377903654091	701.3769149780273	118.5056673923957	172.43633969360604
1841603	206	1085.0	405.0	1077.9240189874993	416.20842742681043	0	150	0	13.255125524541334	568.1428909301758	190.0000000000001	271.3749282375669
1841603	207	1095.0	414.0	982.165912792741	305.7170436557815	90	150	125	156.38647598350462	741.0850524902344	377.8171682886795	488.84224228771745
1841603	208	1175.0	383.0	1169.794014990007	453.7815195485953	0	75	0	70.97271158362524	495.9259033203125	152.99999999999997	353.66773541318724
1841603	209	1009.0	834.0	1017.8871794049916	785.5225345104099	360	75	125	49.28535906403554	757.4098110198975	143.16004274247697	333.31064120279416
1841603	210	714.0	653.0	624.1097591880811	741.4943567657194	0	0	0	126.14082040562131	648.8487720489502	253.00000000000009	297.4670750425248
1841603	211	466.0	232.0	678.1677535579321	230.95628022864426	0	0	62.5	212.17032073497114	727.4861335754395	324.9999999999999	898.9070270070641
1841603	212	818.0	613.0	961.7880069629992	459.1201701138774	0	150	125	210.60387696377657	733.25514793396	324.99999999999994	206.01899247424686
1841603	213	1068.0	824.0	1029.0659436404603	886.8751606872254	360	0	250	73.95367858363926	1018.0318355560303	165.6406876430551	282.9708317652388
1841603	214	980.0	798.0	956.5365658140499	812.3100414038312	360	75	250	27.482904300269517	1483.2348823547363	234.43752076119236	592.1147504208637
1841603	215	759.0	401.0	788.7011137450478	496.7687471362817	0	0	250	100.26868447201916	1185.9829425811768	0.0	323.69304970765035
1841603	216	836.0	771.0	864.1339476721104	788.4374580077626	360	0	62.5	33.09960654433115	1295.4418659210205	96.8873207517249	356.9082262281306
1841603	217	690.0	1042.0	735.7489991005932	1058.153380022575	90	150	62.5	48.51703417213179	847.0339775085449	413.2002514598473	688.3734418556681
1841603	218	1149.0	502.0	1154.0855025026024	500.38195217275074	360	0	62.5	5.336704458300176	1007.6050758361816	144.14382828827115	506.1586372686894
1841603	219	861.0	665.0	846.5536887307965	672.4666483920245	360	75	62.5	16.261818702003737	1007.2600841522217	126.57785857176785	306.1200236066804
1841603	220	1799.0	254.0	1657.656220548194	217.34923042657346	0	75	125	146.0182964564551	1172.6529598236084	819.9999999999997	1011.8128401063203
1841603	221	741.0	586.0	720.5038087625275	661.368677862106	360	75	250	78.10589899569014	1218.3120250701904	124.82327052572333	296.88438796919274
1841603	222	1037.0	630.0	981.3163263705862	627.6897191193566	0	0	0	55.73157907878204	527.6169776916504	171.0000000000002	140.86156628735355
1841603	223	744.0	622.0	679.0932434700886	611.958058515429	360	75	125	65.6789740481133	853.5518646240234	143.88621120601348	273.7094960587824
