user_id	turn	x_curs	y_cursl	x_targ	y_targ	angle	min_tim	lag	dist	elapsed	targ_dist_trvl	mouse_dist_trvl
1841709	1	707.0	109.0	660.0878377762499	86.61970642824303	90	150	0	51.97719216026845	1440.932035446167	533.271340456019	816.1549220882991
1841709	2	917.0	496.0	930.4988416332574	525.9346858932049	90	150	0	32.83754170099528	752.2940635681152	156.48508951103352	186.73432245074997
1841709	3	560.0	692.0	516.9183390444691	685.9337365190845	90	150	0	43.506655390953725	1063.504934310913	304.54249184327404	504.2510762582235
1841709	4	944.0	1058.0	874.0900719218406	973.8315012892854	0	75	62.5	109.41542038994773	818.2690143585205	406.00000000000006	637.1696424078502
1841709	5	929.0	373.0	903.1707379711572	376.077660370776	360	0	62.5	26.011973595105474	1392.6520347595215	119.57206282905057	483.18907995803613
1841709	6	947.0	1075.0	906.0086444882743	1149.3886668016341	90	75	0	84.93506328491921	1095.8490371704102	661.3475528754835	553.8070905450019
1841709	7	952.0	635.0	959.9129622194953	660.8114512247842	0	75	62.5	26.997147727428	614.9849891662598	253.00000000000017	37.25734663532133
1841709	8	304.0	0.0	417.1238992532685	7.055342417366674	0	150	62.5	113.34370048172038	1031.3570499420166	629.9999999999998	1276.3518525217924
1841709	9	1919.0	443.0	2104.546272922247	478.230473743069	90	0	250	188.86133981177338	1521.6310024261475	1005.6252874443338	1042.1273575336322
1841709	10	827.0	99.0	830.5013556836102	57.83169499255574	90	0	62.5	41.316931502824715	1913.9750003814697	965.765981971346	2368.59707949411
1841709	11	532.0	600.0	645.0941038503762	646.9808461381405	90	75	0	122.46418345612445	992.8810596466064	507.2223522886126	674.1978821935884
1841709	12	1384.0	1199.0	1300.963134210443	1135.974148453509	90	0	125	104.24672197874236	1110.1469993591309	489.14601705027803	801.5853357293615
1841709	13	1004.0	0.0	1003.5384571017638	-28.421671860252573	0	150	62.5	28.425419138137354	878.6859512329102	465.00000000000006	917.9644548825019
1841709	14	906.0	705.0	900.543173321825	738.8557087667019	360	0	0	34.29265188770592	664.8459434509277	113.27755796969683	162.19686807329015
1841709	15	1271.0	797.0	1345.3988272968454	773.4505254380898	0	150	0	78.03693519922399	872.0090389251709	435.0	473.3135453322827
1841709	16	1147.0	192.0	1136.6629669809145	146.62434124513558	0	0	0	46.53820644455014	1064.4869804382324	629.9999999999999	545.7644134331979
1841709	17	721.0	978.0	674.7708316865235	1046.6287859869333	360	75	62.5	82.74688072064126	1237.9589080810547	472.6991955566388	965.1583588903994
1841709	18	169.0	1199.0	37.60338114242076	1481.6455038551692	0	75	250	311.69464592249	1434.6699714660645	1175.9999999999998	1250.6636265860213
1841709	19	1596.0	1168.0	1478.716137615725	1218.786588747524	360	150	250	127.80759747520364	2466.3000106811523	744.2630842905629	1506.8162775398625
1841709	20	1418.0	292.0	1420.591243486518	273.886006570448	90	150	62.5	18.29839612567929	972.3248481750488	535.5947685589772	810.304850892127
1841709	21	694.0	1154.0	663.6588658940667	1308.4650556664892	0	0	62.5	157.41676480250075	1111.2349033355713	741.0	982.1755404475819
1841709	22	627.0	1105.0	657.4075029675492	1138.920417035115	90	150	62.5	45.55448307859099	894.6130275726318	429.11726361769246	838.3440667326213
1841709	23	1066.0	19.0	1111.1776664113586	-229.1183797792409	0	75	250	252.1978428271178	1194.8330402374268	819.9999999999998	657.7624402216368
1841709	24	647.0	1199.0	591.3054282982532	1323.2027290453818	0	150	125	136.11834269987844	1212.8429412841797	819.9999999999995	838.2123672132061
1841709	25	315.0	697.0	370.59540771131265	585.3934753059328	90	0	125	124.6870711536465	1029.7560691833496	478.1534392415242	672.3212819378355
1841709	26	1919.0	507.0	1826.7693609912178	496.41318026250025	0	75	0	92.83626190300109	1129.1041374206543	740.9999999999997	1072.1238087399395
1841709	27	478.0	1148.0	558.1595063386404	1345.2452411478894	90	75	125	212.9113233530419	1429.8810958862305	993.1911917344105	1147.0629697390084
1841709	28	841.0	829.0	772.0497628079547	807.0312580452785	0	0	62.5	72.36546712287874	887.2637748718262	464.9999999999999	337.92110347891554
1841709	29	957.0	716.0	955.4839010445354	743.6762104105688	90	75	0	27.717705149107132	711.5058898925781	286.51024795488246	175.26003579513892
1841709	30	853.0	372.0	867.2604330810626	310.6362528397332	360	150	125	62.99896362011537	1101.3209819793701	360.80960056447395	512.2919807719325
1841709	31	1248.0	734.0	1209.220846376718	672.9514582829394	0	0	0	72.32390477233506	647.8660106658936	253.00000000000009	363.24767726250667
1841709	32	881.0	228.0	876.4177852132542	226.42625714387773	0	0	0	4.844931261542074	736.0899448394775	325.00000000000017	408.6239252687136
1841709	33	1919.0	278.0	1803.6225126050456	145.5974236717381	360	150	250	175.62006381941126	2890.9449577331543	1298.0862104709252	1990.9428901561291
1841709	34	896.0	438.0	930.3920399785256	493.4631046268785	0	75	0	65.26077220456845	721.0850715637207	300.00000000000006	242.97495571438412
1841709	35	1310.0	895.0	1248.3794328021659	928.6898138562935	360	75	0	70.22889618564783	1088.9098644256592	288.68389239368827	626.5651592853158
1841709	36	849.0	1040.0	839.8857857503752	1007.7016458535721	0	75	0	33.559686857241935	624.0289211273193	231.0	476.17819807720497
1841709	37	1656.0	0.0	1684.2277328941123	-205.80171125719573	90	150	250	207.72854705295447	1282.7279567718506	903.0602564363388	1120.6554311513758
1841709	38	384.0	384.0	310.758954085755	377.92003451392816	90	150	62.5	73.4929710035209	1034.3029499053955	619.5425574472575	1035.2910374670246
1841709	39	779.0	25.0	947.6530740664807	17.80308066247998	360	150	250	168.80656101000517	1823.0130672454834	637.8187971539965	1087.3738858392237
1841709	40	854.0	255.0	868.7398483270094	239.1091003634947	360	75	0	21.67449699441091	1080.801010131836	423.04029155953145	556.6745189663757
1841709	41	733.0	583.0	763.5704879648997	629.6602104934769	360	0	62.5	55.782882479374024	1142.176866531372	122.04831337663704	318.86016144875646
1841709	42	929.0	441.0	957.6775463855638	407.6948230285037	90	150	0	43.95038657166566	800.7900714874268	360.33809123957985	188.33367349273533
1841709	43	0.0	94.0	-131.52402957826314	287.7234511966366	90	75	250	234.15239887739665	1418.1602001190186	971.90207605088	1149.3912030930255
1841709	44	945.0	1189.0	985.2672622514491	1337.0068172644287	360	150	250	153.3866694532904	1809.9379539489746	660.092645633756	844.9732719064796
1841709	45	950.0	398.0	951.1257365609042	400.1969783801718	0	0	0	2.46860219709429	1744.3408966064453	0.0	262.9234068495635
1841709	46	790.0	707.0	790.8980937271829	706.7920656926318	0	0	0	0.9218508659137361	1375.831127166748	0.0	225.4017755626107
1841709	47	150.0	403.0	5.936156913326805	337.7680965564607	0	150	125	158.14421302016976	1445.288896560669	1176.0	885.423117886946
1841709	48	1328.0	680.0	1398.8301734811919	689.5091560304627	0	150	0	71.46563876288675	840.4181003570557	405.9999999999998	459.6755833036572
1841709	49	1018.0	575.0	1009.7559737421258	591.6799383994198	0	150	0	18.606028967755577	600.8951663970947	210.0	70.43437561017494
1841709	50	773.0	208.0	786.6427465971035	240.64587783399264	90	150	0	35.381886245150234	857.2628498077393	423.97290870285366	541.6120262387994
1841709	51	1444.0	625.0	1433.4390055405333	629.881756383392	90	0	62.5	11.634695928973573	1279.3519496917725	620.2939595311225	994.3652712943351
1841709	52	1333.0	151.0	1248.689580382793	265.1728145286248	360	150	125	141.92842715050875	997.0521926879883	339.91522598496323	623.9716639511337
1841709	53	1132.0	894.0	1105.4111962789825	927.2631116685894	360	0	125	42.584023778781685	1626.0831356048584	180.004989286648	497.50711396044204
1841709	54	633.0	1147.0	641.7020914200252	1200.534617436407	360	75	250	54.23727186303645	2786.3609790802	727.3284048312486	1334.6943734081146
1841709	55	0.0	618.0	-239.41958518827596	704.7694443202811	0	75	250	254.65795538207027	1538.9800071716309	1375.0000000000002	1084.2086682211645
1841709	56	1779.0	39.0	1749.6246501301928	-82.1755972775606	90	0	125	124.68535020421258	1533.9250564575195	905.7938008520423	1361.860602484423
1841709	57	1362.0	982.0	1431.6936319028632	1024.6047235198155	90	0	0	81.68454440107818	928.0390739440918	466.9260117618043	594.8377338830186
1841709	58	1044.0	781.0	1046.0290929503763	780.5519182012074	0	0	250	2.0779787052989303	3281.9690704345703	0.0	249.1930204097601
1841709	59	317.0	361.0	344.1802466330008	343.52050037929945	360	0	250	32.31561099562908	4242.573022842407	831.3214177362864	1809.8997560783448
1841709	60	1302.0	429.0	1251.1677444857824	429.8185036299447	360	75	0	50.83884488120224	1439.4018650054932	328.9794842855975	522.3334797971498
1841709	61	155.0	668.0	15.623477027019305	653.169689337002	0	0	125	140.16330928741246	1149.1100788116455	779.9999999999999	931.7947213283161
1841709	62	470.0	449.0	424.0704847321084	409.9083514735592	0	0	62.5	60.313160730128104	1118.3140277862549	740.9999999999998	666.6464985308062
1841709	63	1767.0	477.0	1747.139979394465	431.3608934873604	0	75	62.5	49.77296918734446	1022.9620933532715	629.9999999999999	3118.237979513145
1841709	64	921.0	957.0	877.6234964762131	947.2079302000757	0	75	0	44.46802996441028	920.9780693054199	496.00000000000017	2089.8136334494448
1841709	65	888.0	408.0	858.1984984445493	429.11934458991647	360	0	62.5	36.52610314374045	1215.174913406372	131.1193787258401	1546.173070809018
1841709	66	1233.0	0.0	1279.7381217155548	-61.33203823603431	90	75	62.5	77.11077055563894	1176.1629581451416	684.7311332335021	2146.3402018355137
1841709	67	1145.0	683.0	1142.2937777522295	682.2738025912302	0	0	62.5	2.801963870365207	2403.6240577697754	0.0	2022.218237685826
1841709	68	438.0	1141.0	375.36810248707434	1237.1040772402357	90	0	125	114.71158724499813	1548.5079288482666	1097.2463361193447	2199.7926125195277
1841709	69	455.0	50.0	459.89723651512156	39.86958390513874	0	0	0	11.25203340468131	1015.7320499420166	595.0	2017.7884991772846
1841709	70	935.0	617.0	896.2262035194636	628.9551538285599	360	75	0	40.575029224617744	937.021017074585	230.74662553583067	1345.422879366777
1841709	71	170.0	0.0	67.0774173967243	-8.306013977951032	90	150	125	103.25719286291888	1317.924976348877	919.3770199918962	2414.8615858190055
1841709	72	525.0	0.0	477.9527395791266	-238.40548659158506	0	0	250	243.0033348538244	1218.5101509094238	860.9999999999999	1491.2923553303149
1841709	73	894.0	11.0	1072.2233280240384	-87.83262663952992	360	75	250	203.79264643365502	2114.5379543304443	926.0196845593796	2728.3358976702916
1841709	74	1260.0	1199.0	1119.3195527294663	1230.1339957528626	0	75	125	144.08439865501288	1132.9450607299805	741.0	2536.2439980243325
1841709	75	773.0	673.0	772.3637010829342	669.2287464042613	0	0	125	3.824556182778752	2132.235050201416	0.0	1536.104361714325
1841709	76	1919.0	159.0	2285.8658925563623	149.60656497624905	0	0	250	366.9861301775883	1489.3369674682617	1274.9999999999995	1480.9194168162055
1841709	77	934.0	692.0	994.154501458608	663.1094261355308	360	0	0	66.7325205874319	1359.795093536377	198.857334750085	537.1927274828228
1841709	78	0.0	0.0	-127.86763202648964	-75.0671043070659	0	150	250	148.27407551257798	1355.2169799804688	1081.0	1221.9707204640242
1841709	79	628.0	1199.0	569.2715558128592	1277.7719033446062	0	75	125	98.25498925334071	989.2711639404297	595.0000000000002	842.5855786806845
1841709	80	903.0	562.0	980.6749667413501	679.5972220589604	0	0	125	140.93440706319475	733.0451011657715	276.0000000000001	89.94431840899327
1841709	81	981.0	940.0	970.0054592603807	945.9583561425228	360	0	0	12.505276246300518	1496.654987335205	205.35334284573617	436.7384825176373
1841709	82	864.0	379.0	892.5634620883376	400.18922006347475	360	0	125	35.56479176615912	1870.3851699829102	182.16150606570548	681.9167181842291
1841709	83	860.0	769.0	885.3782422510147	835.2736842181386	360	0	62.5	70.96658650094943	1566.9560432434082	291.27912354940815	787.5757435127177
1841709	84	865.0	560.0	865.7002257017813	572.301488895378	360	75	62.5	12.321401911979999	790.5120849609375	108.93460779186287	206.58824902434148
1841709	85	835.0	198.0	893.3555400925186	222.92044266741436	0	0	62.5	63.453900764487535	913.3861064910889	496.00000000000017	713.0063693290869
1841709	86	858.0	559.0	782.2590719025535	627.9551854007168	90	75	62.5	102.42805173735263	743.3898448944092	311.274809141062	218.0553123579238
1841709	87	670.0	345.0	645.7071095836413	319.45486146601263	90	150	0	35.251930833669476	664.0222072601318	239.9035025044943	400.0313403614811
1841709	88	523.0	567.0	526.3537982756432	619.6873639785123	360	150	0	52.793998578228006	1240.243911743164	318.59567436835533	686.2924301448991
1841709	89	733.0	724.0	767.9402057539314	782.8234529819193	0	150	62.5	68.41795523722656	742.7220344543457	325.0	448.5863050720703
1841709	90	273.0	213.0	189.82484706783657	178.13726429386045	90	150	250	90.18601003595242	1361.9890213012695	851.1244706645173	886.8054138959716
1841709	91	1084.0	952.0	1310.3818848428082	1040.085646282101	90	75	125	242.91529154402335	1173.9270687103271	746.7854835945217	980.4333017505897
1841709	92	643.0	1156.0	1068.274284228061	1189.0233172667547	90	0	250	426.55451739372126	1842.2679901123047	871.0411662391416	1570.4831369495782
1841709	93	1159.0	563.0	1155.6177550415318	558.3623498200092	0	0	62.5	5.73998084936285	1982.503890991211	0.0	369.88554892100507
1841709	94	1099.0	1045.0	1105.682228206065	1040.8807670527756	90	0	62.5	7.849856933182291	1199.415922164917	593.1181152753909	979.8925375136974
1841709	95	1195.0	109.0	1160.7806007968486	11.196155770112863	0	150	0	103.61736933530335	879.78196144104	434.9999999999999	554.7743364041273
1841709	96	948.0	495.0	1284.0321032241316	418.74716232257884	90	75	250	344.5752017355465	962.0621204376221	536.0899966805946	225.36377435421088
1841709	97	1434.0	162.0	1475.5204338469575	90.68439199326643	0	0	62.5	82.5218902607645	1042.9658889770508	665.9999999999993	1068.6777825226588
1841709	98	945.0	525.0	1200.6247213853294	447.92951519510655	0	0	250	266.99037025965674	963.1578922271729	465.00000000000017	114.3145754516506
1841709	99	871.0	911.0	959.6182487556962	952.3255455088719	360	150	62.5	97.78033914919854	980.341911315918	374.37227645707947	541.6728579790458
1841709	100	1027.0	90.0	1073.7972649124026	-23.323664599148373	0	150	62.5	122.60602334902582	863.123893737793	465.0000000000003	642.6839454733014
1841709	101	973.0	217.0	949.6835606677214	254.9752954446096	360	0	62.5	44.56208486192287	1046.6539859771729	184.23225295870435	541.0670355535137
1841709	102	503.0	895.0	386.79382686580396	1025.3782538151045	90	75	125	174.64925920933803	1085.075855255127	675.7456189445426	732.2207622570426
1841709	103	771.0	142.0	902.3582807782295	116.48277098360911	90	150	0	133.8137769651807	1097.4738597869873	576.6024710864654	867.6658914314128
1841709	104	846.0	61.0	903.7758636064522	22.365530379517764	90	0	0	69.50304064087649	912.7140045166016	387.6519838712238	641.1049356356297
1841709	105	677.0	214.0	690.5765896817045	347.4457992893085	90	150	125	134.134652999692	949.5480060577393	511.19730972347304	599.2086000757297
1841709	106	1915.0	622.0	2124.4464034893213	637.2455026070782	0	0	250	210.00052686684856	1595.4070091247559	1225.0000000000005	1245.1003747627199
1841709	107	1133.0	750.0	1238.0892132715405	768.9698717951807	90	150	0	106.7876340310849	889.0650272369385	420.41547518485766	425.95745861559027
1841709	108	1059.0	0.0	1093.5434433558326	-91.24969246791224	0	0	125	97.56923620878752	1221.923828125	861.0000000000002	756.384503280628
1841709	109	1919.0	833.0	2267.4100602744015	915.7659197178536	0	75	250	358.1058049894672	1562.1418952941895	1425.0	1280.9236496099306
1841709	110	1066.0	221.0	942.2902063677961	137.3406617253368	360	0	250	149.3418826755475	1939.2139911651611	485.1757625318541	764.2843700684738
1841709	111	956.0	0.0	989.5658717250977	66.61471266912271	0	0	62.5	74.59348288326196	761.8908882141113	351.00000000000006	845.4947831774986
1841709	112	1481.0	824.0	1619.6330065174461	804.6059395026311	90	75	62.5	139.9829992486297	991.6791915893555	536.1007735991387	832.2909227956609
1841709	113	1919.0	760.0	1944.4743608511797	779.34776941487	0	75	250	31.988736175521094	1186.8171691894531	820.0	986.8200358940521
1841709	114	1376.0	601.0	1403.6535181459135	592.2326736465633	360	0	250	29.010051313881416	2146.3069915771484	273.2586337537653	828.7148472027976
1841709	115	1919.0	720.0	2233.771976520501	745.0149188272137	0	150	250	315.76437950876436	1466.304063796997	1225.0000000000005	1062.6775023735897
1841709	116	895.0	0.0	1062.348075561977	-221.2339166623526	0	0	250	277.39831339801253	1210.0660800933838	820.0	1022.4132279675869
1841709	117	1048.0	780.0	1050.2277594417	778.4907600581349	0	0	0	2.6908581033203363	1648.0119228363037	0.0	249.83693230515215
1841709	118	837.0	761.0	835.9318382389922	756.8664758233715	0	0	125	4.269308101607514	1554.332971572876	0.0	266.42214164286406
1841709	119	598.0	219.0	575.6627631411801	220.92900183744075	360	150	62.5	22.42037463058706	1232.0702075958252	419.23696147063936	779.3897426944296
1841709	120	677.0	552.0	598.2230759411293	475.8841261139901	360	150	125	109.5419098866185	2053.785800933838	612.4331976825811	946.6830863893225
1841709	121	1083.0	513.0	1090.8335352580425	532.392562299608	360	0	125	20.914964670856445	1509.0839862823486	214.56675138344767	468.6763998793578
1841709	122	878.0	147.0	859.0612081319503	170.84425150413068	360	75	62.5	30.450388621716236	1003.5290718078613	302.7334322773947	672.1716875758652
1841709	123	1093.0	1199.0	1155.114415160462	1291.8435170810812	0	0	125	111.70550225799644	973.0589389801025	528.0000000000001	647.0086170865176
1841709	124	325.0	820.0	217.3329842783852	803.1907453490467	90	75	125	108.97126830646253	1237.4639511108398	716.3705656831019	788.8740741377451
1841709	125	1251.0	525.0	1315.271000962744	528.9939060107251	360	150	62.5	64.39497534727026	1047.8060245513916	192.61445439352886	380.35216801586733
1841709	126	1094.0	441.0	1087.0327148640254	445.52447004695136	0	0	0	8.307459983155692	992.110013961792	0.0	209.5792211897963
1841709	127	644.0	0.0	779.3543641712591	-266.92915447357603	90	75	250	299.28577882716723	1130.2709579467773	707.5375444151898	904.5292873690196
1841709	128	911.0	792.0	904.1679930662881	792.0489182519755	0	0	125	6.832182062684216	1444.5860385894775	0.0	229.19303980103768
1841709	129	964.0	404.0	964.3652557877266	400.04764432018385	0	0	62.5	3.9691973004932324	2318.9899921417236	0.0	416.55486810448207
1841709	130	1065.0	135.0	980.1581026025782	85.28457666651474	90	150	62.5	98.334993116501	823.0381011962891	350.61221234951023	715.0873416457752
1841709	131	1464.0	45.0	1463.592786998963	-32.666630263411676	0	75	125	77.66769778293745	1117.6609992980957	741.0000000000001	963.9468432584781
1841709	132	1061.0	208.0	1009.298005260688	200.83255342728768	360	0	125	52.19644193234374	1542.022943496704	273.20585813216996	674.9565166626425
1841709	133	1004.0	542.0	978.993628082169	612.558526863332	360	150	62.5	74.85869588509021	831.8119049072266	190.9469077362613	269.7004344624622
1841709	134	967.0	799.0	967.371543915319	799.8641046819176	0	0	250	0.9405965034607187	4386.641025543213	0.0	305.191512408834
1841709	135	1304.0	191.0	1310.8336211834137	173.2338300992134	360	150	0	19.035103661971895	1176.8779754638672	402.25193031908725	847.3935360205662
1841709	136	1496.0	327.0	1464.6244342417228	392.05091615192515	0	0	125	72.22221139550332	908.9779853820801	495.9999999999996	643.3342495075271
1841709	137	812.0	366.0	848.8190438963001	305.84820619768385	0	75	62.5	70.52574204553987	751.3480186462402	351.0000000000002	415.38331892552793
1841709	138	797.0	593.0	840.7730764405067	532.1930325894757	0	0	0	74.9237579592148	704.3330669403076	300.00000000000006	215.43657236729481
1841709	139	947.0	585.0	971.1015109491956	560.4496070730644	0	0	0	34.40355538169165	632.0109367370605	230.99999999999994	30.656854249492383
1841709	140	485.0	382.0	468.08502913797196	448.27090206114076	90	150	125	68.39553128136785	972.5489616394043	551.1790106546638	622.2413740485181
1841709	141	895.0	1199.0	923.1631262274076	1493.2328921282472	0	0	250	295.5776657480291	1074.5320320129395	703.0	719.5393115472863
1841709	142	872.0	0.0	848.6396367979858	-255.5915092450117	0	150	250	256.65682567793306	1122.2870349884033	741.0000000000001	741.1221062650604
1841709	143	971.0	888.0	1029.2495899165272	995.0879335736198	90	0	62.5	121.90504600922634	1416.4988994598389	339.7679454113944	1727.3204501883167
1841709	144	1001.0	643.0	1001.3962416287213	713.8562137378314	90	0	62.5	70.85732165901823	701.9720077514648	233.72910528652062	110.88020766184023
1841709	145	964.0	595.0	972.1047612410817	610.9861720623009	90	0	0	17.923304717055647	785.0198745727539	229.16399300100048	243.05184746452855
1841709	146	737.0	1199.0	775.8541679162998	1271.1774450320804	0	0	125	81.97090908259474	893.8219547271729	495.9999999999999	719.813757725369
1841709	147	1220.0	46.0	1031.1828437576778	25.297317500189127	360	75	125	189.94872875101188	1684.8130226135254	458.463323718941	1260.9155195874641
1841709	148	829.0	201.0	878.5428799342819	214.82163289158817	360	0	250	51.434759530618074	1306.5531253814697	211.23660567538232	467.6150515214995
1841709	149	584.0	991.0	533.3224248456202	968.6555955077827	90	75	62.5	55.384917041010716	1244.277000427246	771.8317727649302	1076.1473008164705
1841709	150	1012.0	799.0	1012.1586486798545	793.0789355882498	0	0	250	5.923189442497535	2906.165838241577	0.0	336.51487166189605
1841709	151	1015.0	462.0	924.1932668448208	439.3507868417243	360	75	250	93.58872604648991	1218.8389301300049	288.1344256821257	236.6339714801631
1841709	152	2.0	1199.0	215.28425525246925	1194.33526884205	0	150	250	213.335260225253	1267.6780223846436	820.0000000000002	1202.2712060106257
1841709	153	444.0	674.0	470.03818549177856	688.6849541928605	0	150	62.5	29.893728160781112	799.3941307067871	378.00000000000006	634.1280045883477
1841709	154	974.0	568.0	1047.7678472743269	687.3388521968897	90	0	250	140.2977438705252	898.2789516448975	290.584790272727	46.08276253029822
1841709	155	1919.0	803.0	1840.7093161935911	689.6608532114874	0	0	250	137.7504750105171	1298.835039138794	989.9999999999999	1188.1223987220824
1841709	156	1121.0	833.0	1120.431829122972	826.6564270114792	360	150	0	6.368966667065669	968.034029006958	253.96463279731904	797.7802393855717
1841709	157	825.0	886.0	823.1486674943005	903.4748296847329	360	150	0	17.572623724335546	1039.9258136749268	176.91381336498372	489.54131427352866
1841709	158	1015.0	800.0	1154.7321099448654	642.4569061438625	360	150	250	210.5822617681929	1081.6540718078613	373.1630698407573	280.2038786921975
1841709	159	1883.0	954.0	1600.8795186943007	932.8472928716004	90	0	250	282.91235920514197	1866.499900817871	938.6490832388101	1802.5605017929988
1841709	160	1066.0	986.0	1037.7484852326108	1004.7927952489572	360	75	0	33.93106600036661	952.0039558410645	218.97404604537655	532.6916425839345
1841709	161	1063.0	794.0	1062.7449411751656	817.0142601035614	360	0	0	23.015673423093702	1159.6190929412842	92.26373414911853	387.9683778077225
1841709	162	956.0	691.0	1197.6661542817992	728.4311263428524	0	150	250	244.54778540123596	890.812873840332	465.0000000000002	105.5153048036727
1841709	163	1173.0	639.0	1029.8527046552222	590.2513706200025	360	75	250	151.22029305272957	1145.9670066833496	197.40140599286642	272.740952596525
1841709	164	958.0	403.0	955.1181443090045	400.05959016493864	0	0	125	4.117171628903605	1128.0529499053955	0.0	208.70399531493254
1841709	165	1919.0	0.0	2064.5968146162677	81.78296840682678	90	75	250	166.99367158020047	1578.1660079956055	1205.6502752231818	1397.401277812858
1841709	166	880.0	395.0	871.9992257848025	415.74993363363	0	0	0	22.238977805704522	592.3328399658203	209.99999999999955	265.2376475928461
1841709	167	1055.0	432.0	1052.8916229363765	422.88098242072914	0	0	125	9.359579875906002	2683.758020401001	0.0	312.2631194690208
1841709	168	617.0	404.0	558.1691811078013	349.14221305393596	0	0	0	80.43905792677114	687.9830360412598	275.99999999999994	405.627074157913
1841709	169	1541.0	891.0	1546.8519137959966	910.2130616260595	90	75	125	20.084487350254516	981.8141460418701	480.0540932043634	670.102891240554
1841709	170	1274.0	709.0	1214.7202049625994	685.5561239695975	360	0	125	63.74723070851869	885.8659267425537	120.19570508168829	366.45413840916524
1841709	171	1098.0	747.0	1133.322394143262	674.7114647085402	0	0	62.5	80.45684472185431	685.758113861084	299.99999999999966	294.1090906302866
1841709	172	609.0	260.0	623.4582346804204	278.957735636986	360	150	125	23.841901991157535	1285.079002380371	441.91701423418704	898.695362224177
1841709	173	981.0	0.0	1006.3088882148218	-143.76065611773308	0	150	125	145.97145635387574	1005.687952041626	595.0000000000001	631.3475789726024
1841709	174	871.0	16.0	880.4411508875475	2.8604524161644598	90	150	62.5	16.179710775824034	1167.6521301269531	549.5210136319491	1133.774341588376
1841709	175	1143.0	426.0	1151.2252660145107	367.4709053916413	90	0	0	59.10422926224206	1712.9149436950684	552.7007467106389	1036.0194278837557
1841709	176	1199.0	676.0	1132.5475065166154	762.8812722142061	0	75	125	109.38139399238909	789.283037185669	378.0	403.4241387667079
1841709	177	751.0	1069.0	737.3925244286404	1008.2887874734826	0	0	62.5	62.217479198896484	775.3939628601074	378.0	747.2774325266328
1841709	178	599.0	328.0	548.3551772897408	351.7763631097447	360	75	125	55.94831105654587	1109.2889308929443	308.283830104771	474.3494321739283
1841709	179	674.0	597.0	649.5993283800102	561.7643919369117	0	75	0	42.85954795704394	687.748908996582	275.9999999999999	309.70010425901796
1841709	180	1059.0	1039.0	1107.1658169686443	1038.1796168502758	90	75	0	48.1728030404013	720.5870151519775	273.16313204483237	487.8235454123705
1841709	181	1919.0	1199.0	2139.879428281434	1158.024612431378	90	150	250	224.64795619887536	1506.782054901123	1261.1529422703268	1395.7419642900618
1841709	182	826.0	458.0	822.407775535487	454.850491675283	0	0	62.5	4.7773925200790766	1525.0921249389648	0.0	268.80722436083533
1841709	183	1797.0	1070.0	1621.3068760274339	984.5170476898227	0	0	250	195.38528334269074	1122.3020553588867	741.0	1063.7391754781315
1841709	184	721.0	1190.0	685.3739064102139	1245.4671923544238	0	0	125	65.92289414270925	973.3548164367676	560.9999999999999	729.7541887530285
1841709	185	1590.0	715.0	1730.0066429921935	476.56296040629854	90	0	250	276.5033126965243	1602.3979187011719	646.8569577240381	975.9523383593746
1841709	186	1021.0	541.0	986.5764986632371	575.0237513398382	360	150	0	48.400341935953925	1207.5281143188477	239.35654664338887	597.8406055981094
1841709	187	689.0	350.0	734.3267687227991	209.78428696865942	90	0	125	147.35997470051822	1429.1660785675049	653.135254991776	767.4332168681175
1841709	188	1158.0	633.0	1157.5180232914731	631.4106745395424	0	0	0	1.6608000983927296	1176.0799884796143	0.0	216.7886969272638
1841709	189	562.0	1199.0	588.0987549515421	1453.0818062398873	90	150	250	255.4186940537914	1170.5758571624756	782.9102680542204	790.7145366848682
1841709	190	1146.0	639.0	1120.5428778749065	645.9273731704299	360	0	0	26.3828271027636	1025.4850387573242	81.06863074561983	319.0757583630415
1841709	191	788.0	388.0	903.3244467698931	377.8126994001831	0	75	62.5	115.7735251095558	720.1681137084961	325.00000000000006	431.40586560037593
1841709	192	762.0	601.0	760.046049194625	604.2915681657933	0	0	250	3.827838128746992	2233.638048171997	0.0	330.73162281717913
1841709	193	1087.0	556.0	1102.2154475330722	555.9110723578402	360	75	125	15.215707402457893	853.5439968109131	180.9799379862053	225.12677334715997
1841709	194	1812.0	1199.0	1995.3797397117646	948.4327594793003	90	150	250	310.5029322871407	1652.3938179016113	1251.5016297796583	1677.7437752359872
1841709	195	1320.0	493.0	1273.5984079877871	534.1087322893662	0	0	125	61.99222218719569	788.6519432067871	378.00000000000017	478.3192903197061
1841709	196	446.0	761.0	414.76232857968637	704.309913664426	0	0	125	64.72679510448759	1005.9881210327148	595.0	706.5002798256038
1841709	197	1199.0	531.0	1224.9920126669394	540.6439791927094	90	75	0	27.72347483898351	744.006872177124	304.438177403049	372.297390294045
1841709	198	814.0	766.0	766.7534165146294	790.9397573236631	90	75	62.5	53.42500487976862	739.6759986877441	322.31313838446795	425.72262950342986
1841709	199	665.0	673.0	685.54427849064	759.2901887061007	0	150	125	88.7021084621749	812.9291534423828	406.0000000000001	319.6460923191215
1841709	200	299.0	1199.0	502.32488666421517	1416.335536842468	90	75	250	297.61677558837255	1217.6880836486816	746.0772383958451	1060.0065195313719
1841709	201	748.0	796.0	836.8957576759458	779.0360517725547	360	75	125	90.4998965316752	1333.2469463348389	181.74134651650945	348.4365250298474
1841709	202	1178.0	884.0	1186.0344948671586	869.1534720120266	90	0	0	16.881128548413972	600.970983505249	187.4683547081272	397.74411829262124
1841709	203	684.0	0.0	696.4892263260394	-233.12088805485863	0	0	250	233.4551974613308	1242.1810626983643	903.0000000000001	740.3141652043788
1841709	204	1350.0	717.0	1337.5439128203489	699.6095764359342	0	0	0	21.391141614338533	695.1589584350586	276.00000000000006	466.06055678158657
1841709	205	1206.0	333.0	1292.2039444456368	351.669919994296	360	150	62.5	88.20252802828188	943.0949687957764	306.17812715970126	539.2546029635706
1841709	206	802.0	846.0	845.6202847137995	724.1547154378926	360	75	250	129.4179377386839	1369.6238994598389	130.15294670949822	358.5865993479001
1841709	207	1157.0	403.0	1092.1993255760817	432.4821609773933	360	75	125	71.19217107022084	853.874921798706	183.31187828945744	327.0523510294355
1841709	208	859.0	1199.0	909.5922377143347	1271.4395362413682	90	150	125	88.35757425262558	925.0578880310059	478.7288809111768	670.914872037606
1841709	209	1155.0	602.0	1137.2913127913523	515.6168305188871	0	0	125	88.17964375215173	765.7849788665771	324.99999999999994	226.3227331861201
1841709	210	615.0	668.0	494.9435201249965	704.5760492156434	360	0	250	125.50444508543228	2258.868932723999	294.84356450945074	849.1113490679279
1841709	211	1048.0	1061.0	1009.6495550778295	1003.1667382593683	90	150	125	69.39339153902799	844.8350429534912	404.1081775484031	627.0533451651246
1841709	212	1644.0	553.0	1592.5730854934695	538.8468827418176	0	75	125	53.33890009913829	893.2530879974365	464.99999999999994	718.4458425869747
1841709	213	740.0	502.0	800.5360407914101	493.73880157118936	360	75	62.5	61.09713278198452	878.911018371582	121.5599019544408	318.842050516634
1841709	214	1415.0	0.0	1446.476559913667	-171.58881378726252	0	0	250	174.45198434216368	1098.3788967132568	741.0	877.3506042194402
1841709	215	364.0	832.0	469.04642691381656	775.7278453059733	0	0	62.5	119.16923764658507	732.2328090667725	324.99999999999983	949.7495386558134
1841709	216	1344.0	489.0	1412.9589554827103	510.5729109221709	0	150	0	72.25460557585473	768.2139873504639	351.0000000000001	426.66080133172653
1841709	217	960.0	802.0	956.2779226706022	799.9653623514682	0	0	62.5	4.241887552356888	1342.0491218566895	0.0	281.88003101368156
1841709	218	1150.0	630.0	1157.834750983212	629.3498092568002	0	0	250	7.861683723699619	1866.4379119873047	0.0	237.23934923991237
1841709	219	697.0	1018.0	629.7595155032827	1072.8112526501313	0	0	0	86.74996352984712	807.898998260498	378.0	509.998280206121
1841709	220	1123.0	394.0	1113.06451213151	402.0443765394178	360	75	62.5	12.783814496966434	1056.138038635254	89.7685305199746	639.9376405888912
1841709	221	598.0	108.0	658.8460234215808	249.33343738741294	0	150	125	153.87455634367018	861.508846282959	435.0000000000007	696.50438000991
1841709	222	926.0	1199.0	946.7956375185079	1257.8273032921763	0	0	62.5	62.39479267079003	873.6860752105713	465.0	888.4328834462019
1841709	223	997.0	971.0	1051.0963538740189	1025.5849463027578	360	150	125	76.85006093255896	981.8949699401855	273.8563179507045	431.73498776136154
