user_id	turn	x_curs	y_cursl	x_targ	y_targ	angle	min_tim	lag	dist	elapsed	targ_dist_trvl	mouse_dist_trvl
1841602	1	793.0	1112.0	805.5599554807351	1188.9522484041659	90	150	0	77.97051376087305	1879.9328804016113	749.4062900276622	2210.747339078262
1841602	2	726.0	491.0	706.2750227792333	478.84262779840157	90	150	0	23.170593976157903	521.0490226745605	84.05164855887548	258.0545195993075
1841602	3	1243.0	612.0	1193.0075606345088	612.1980135334713	90	150	0	49.992831516846046	424.32212829589844	50.077654902101045	283.2956529527861
1841602	4	1007.0	374.0	1045.6427486876519	358.04827388224527	0	0	0	41.80573635606577	441.06388092041016	120.00000000000001	275.3817332112785
1841602	5	816.0	612.0	847.2602099522466	645.8487793231675	90	0	62.5	46.075379411644846	453.0031681060791	120.50258273619599	168.84638929706733
1841602	6	942.0	804.0	959.3348745229508	823.4288711316541	360	0	0	26.038028116139504	416.9878959655762	30.590633997217292	203.44943645658995
1841602	7	772.0	530.0	674.2802290331398	535.8224635418392	90	0	125	97.89307799590155	628.7550926208496	195.5827323332635	319.9821431576477
1841602	8	1219.0	407.0	1255.500777063211	380.58115796252156	90	75	62.5	45.05842807754691	520.3170776367188	182.99847808433125	425.2530872860568
1841602	9	802.0	635.0	815.359358460152	613.577965826242	360	150	125	25.246306791459396	541.7399406433105	99.03572338210382	245.9062025085817
1841602	10	759.0	731.0	776.8738327019288	683.3092612039084	360	0	0	50.930152781761606	424.4420528411865	28.641486142155394	257.8047638962659
1841602	11	1118.0	657.0	1024.9852056361729	606.9685343211156	0	0	62.5	105.61675780160286	430.68695068359375	136.0000000000003	297.86332840264106
1841602	12	1346.0	241.0	1257.0744220845186	338.7830700838117	0	0	62.5	132.17143111360332	588.1369113922119	209.99999999999955	718.1800686292589
1841602	13	823.0	73.0	1038.517713809386	51.08809803736781	0	150	250	216.62875250816631	954.3640613555908	561.0	647.319576101889
1841602	14	1132.0	444.0	1063.2113130566186	776.8327824402667	0	150	250	339.866951200502	786.9038581848145	377.9999999999998	292.20145960395445
1841602	15	1879.0	0.0	1713.7332646474172	50.581359622114746	0	75	250	172.83393114583245	1129.8210620880127	741.0000000000001	1180.373747527761
1841602	16	1051.0	120.0	974.5570049379564	331.40084448998397	0	0	62.5	224.79734995131506	839.0309810638428	406.0000000000002	891.619571964554
1841602	17	1447.0	1138.0	1323.1804646210715	917.9119924376334	0	0	62.5	252.52724291494977	686.7408752441406	300.0	987.1807041569513
1841602	18	355.0	699.0	286.9346144677195	685.1486627362751	0	0	125	69.46046538608445	940.544843673706	527.9999999999998	789.9508735308391
1841602	19	1107.0	340.0	1064.1381722001684	323.2718786172174	360	150	62.5	46.01050235913024	1212.5499248504639	265.7817540781831	1231.8211981812856
1841602	20	1068.0	762.0	1060.9462928145258	772.6552807388294	0	0	62.5	12.778489452266262	1251.2140274047852	0.0	604.2355971120373
1841602	21	1021.0	925.0	960.1922100901903	1057.4339692268752	0	0	250	145.72694849924113	666.5430068969727	276.0	366.8625284927917
1841602	22	852.0	462.0	849.6977049257515	469.1776287788531	90	75	62.5	7.537832413627207	743.0510520935059	335.01617008135815	741.2827934526556
1841602	23	1038.0	897.0	1010.6405580074832	870.944825932174	360	150	0	37.78109529707425	487.6711368560791	108.4554369210108	310.0176443042069
1841602	24	908.0	693.0	992.8605436915299	644.4479349808478	0	75	62.5	97.76816912086487	559.0569972991943	190.00000000000009	123.78496845151413
1841602	25	1493.0	721.0	1525.4286406713386	774.7946684407841	0	0	250	62.813080552100686	820.1332092285156	405.99999999999994	552.8238071483379
1841602	26	884.0	1065.0	956.3444377682955	1081.8799402725665	0	75	125	74.28761713513359	829.7080993652344	434.9999999999998	614.2374211958103
1841602	27	1051.0	698.0	1136.3596011919913	722.4269355483917	360	150	62.5	88.78590370064991	999.0978240966797	146.49436461277563	1420.2620878516645
1841602	28	931.0	472.0	880.7208797755753	555.43776360717	90	75	62.5	97.41586280636301	590.7018184661865	185.88886708101214	200.65747510059074
1841602	29	1046.0	1007.0	968.0008113796817	974.2943277473348	0	150	62.5	84.5785695251861	647.5830078125	275.9999999999999	698.9154635851509
1841602	30	485.0	980.0	513.9992213934804	1072.7900057372742	0	0	250	97.21594522582946	1010.1778507232666	595.0000000000002	647.755133681368
1841602	31	937.0	1103.0	955.4498669870784	902.2168614471148	360	75	62.5	201.6290314388977	759.4189643859863	107.76582345822253	821.7781423225355
1841602	32	1400.0	405.0	1206.4348889617095	516.1409944235456	360	150	125	223.20343378344415	756.6089630126953	121.85560577340482	534.0496356332927
1841602	33	1034.0	558.0	821.7830356190213	430.2659121724394	0	0	250	247.6934338334719	802.325963973999	405.9999999999996	213.32832372929383
1841602	34	884.0	211.0	934.5941583926403	258.3372171620935	0	0	0	69.28622512527853	553.0409812927246	190.00000000000003	446.32708870484436
1841602	35	485.0	610.0	530.1340391984088	523.9834645344795	90	150	125	97.13869397853077	726.2470722198486	285.94502545645514	598.796153505169
1841602	36	1095.0	781.0	1066.5044304372939	754.611705028173	360	0	62.5	38.837347955584896	483.5619926452637	55.739025286354135	397.70503276002324
1841602	37	1197.0	631.0	1198.8514277375066	576.4051868370515	0	0	62.5	54.626197094109216	583.90212059021	230.99999999999991	460.6352721959216
1841602	38	1169.0	427.0	1082.3010295896747	335.854179011898	90	0	250	125.79456329192288	706.4850330352783	274.83049006748206	348.8164359494643
1841602	39	941.0	321.0	970.5963172777314	466.29962809333284	360	75	250	148.28325569822434	995.419979095459	114.07749825658607	358.9316438596667
1841602	40	1046.0	318.0	1155.1695592941435	397.93094379138915	0	150	125	135.30317236436005	757.0757865905762	351.00000000000006	424.8213359321171
1841602	41	1011.0	649.0	972.1976649454414	578.4093645155658	0	0	125	80.55221302846054	589.0610218048096	210.0000000000001	78.42744843958538
1841602	42	1068.0	604.0	989.5012996599924	598.1055948723399	0	75	62.5	78.71969237032943	538.1131172180176	171.00000000000009	165.6166305033039
1841602	43	815.0	637.0	803.2165969600487	699.3092565379261	360	0	62.5	63.41365813065053	672.0781326293945	48.234039665731125	184.58061729566404
1841602	44	874.0	902.0	917.5739670256017	795.4482840192138	0	0	250	115.1171524178667	1018.0611610412598	0.0	343.10057486013204
1841602	45	1184.0	336.0	1184.534346373104	395.3810025624281	0	75	0	59.383406700571996	512.2020244598389	152.99999999999977	356.8540251576159
1841602	46	1047.0	716.0	1079.0161167036256	631.5425743086334	0	0	125	90.32213728202447	581.5849304199219	210.0	169.9928712534294
1841602	47	1260.0	298.0	1360.0119809798798	221.16038454944206	0	75	250	126.1218571148929	747.5581169128418	350.99999999999983	432.8509394355268
1841602	48	791.0	424.0	778.9448260359056	635.5875020114901	360	150	250	211.9306448505428	954.0650844573975	229.71898072969012	352.3095960673438
1841602	49	1196.0	667.0	1130.0158780274453	712.2626612148521	0	0	62.5	80.0163286632138	627.0079612731934	231.00000000000017	374.5082425570347
1841602	50	1187.0	634.0	1152.514681996709	698.7256174189088	90	75	62.5	73.33923034806851	583.7109088897705	225.44152662338863	345.88488495931244
1841602	51	1445.0	526.0	1365.7708020000505	559.9630026529544	0	150	125	86.20180604209979	653.2509326934814	276.0	491.67891091024813
1841602	52	1199.0	652.0	1176.2501223526406	632.3865381128145	360	75	125	30.037390368837013	701.0109424591064	197.78368161952153	409.6330693625021
1841602	53	1231.0	390.0	1180.0557763709073	364.33241214693055	360	75	250	57.045061025175904	1098.071813583374	204.6818780966453	493.9170951537824
1841602	54	1119.0	457.0	1048.9998135900648	485.7105985064773	360	75	0	75.65926621390014	544.0919399261475	64.85636633300561	233.08451985748889
1841602	55	749.0	598.0	818.7417585612496	478.7833649518735	0	75	125	138.1177720621565	660.4621410369873	252.99999999999972	226.62243195462688
1841602	56	659.0	884.0	743.9720623887721	806.1146827623951	90	150	0	115.26653472627575	488.9249801635742	150.26257429747415	419.03487350497267
1841602	57	1034.0	788.0	1057.7913370208785	736.5899505487777	360	75	0	56.64822064123592	465.14177322387695	53.06727852741486	207.88013825085397
1841602	58	745.0	742.0	792.7215988546527	709.6263495253595	0	0	0	57.66631809209412	480.6830883026123	0.0	258.66800213474755
1841602	59	1077.0	253.0	1098.2312054118338	288.7245324208462	90	75	0	41.55726530857836	504.9891471862793	147.23945372401397	364.7093995102686
1841602	60	932.0	300.0	1001.8744900893585	353.351818979227	90	150	62.5	87.91394061034951	511.72709465026855	157.52575236062464	489.8521319462303
1841602	61	785.0	406.0	817.5061757547656	459.6593072128819	0	0	62.5	62.73733109374478	479.30097579956055	0.0	346.3954543479407
1841602	62	1074.0	424.0	1053.4076431789786	536.5293165665374	90	150	62.5	114.3979556040066	480.2861213684082	129.3349478780813	231.12631689372085
1841602	63	787.0	608.0	763.7251425028662	619.5412059245319	90	0	0	25.979192168047405	408.3380699157715	75.37603226955713	175.6637302060133
1841602	64	1158.0	408.0	1243.9046606938202	483.3654703279354	90	75	125	114.27845311637401	589.09010887146	225.63253613430123	409.16004487463545
1841602	65	1001.0	835.0	1005.4229366278956	794.7736040332421	0	0	125	40.46881887192627	1005.3689479827881	0.0	374.6574694372312
1841602	66	782.0	809.0	799.2027934881569	789.2855752173018	360	0	125	26.164759664648887	805.5899143218994	111.22808970771938	304.53414893300237
1841602	67	829.0	806.0	845.7285706213643	764.1403071392382	0	0	250	45.07858650658076	1057.9299926757812	0.0	252.0809381416516
1841602	68	700.0	376.0	616.6746682892533	367.54563677484697	90	150	125	83.75313225335987	949.6040344238281	526.9658672899683	621.6839790334466
1841602	69	1104.0	976.0	1141.0997226708243	1063.9924267942638	90	150	62.5	95.49375160394501	751.0077953338623	320.3504882751921	516.5016597264583
1841602	70	746.0	745.0	779.8676184172436	743.3689635872864	0	0	0	33.90687035153228	561.0768795013428	190.00000000000006	285.16433215032595
1841602	71	640.0	1199.0	597.2627877289689	1288.83822829509	90	75	125	99.48555963505395	1029.2079448699951	588.3997303101867	737.7991175167679
1841602	72	1143.0	522.0	1142.4188045547953	518.0037821311289	0	0	0	4.038260194813026	992.8939342498779	0.0	393.03785317196696
1841602	73	1012.0	524.0	946.5858336488724	538.4659843982932	0	0	125	66.99461070880747	580.8870792388916	210.00000000000023	157.99311566506196
1841602	74	1032.0	948.0	1019.3421723771925	946.711948653975	90	150	0	12.723194425878516	496.9949722290039	152.76548181564831	359.48498264151397
1841602	75	1349.0	774.0	1302.659126405135	757.9683797550608	90	75	0	49.03559332987814	560.4100227355957	179.48516653652536	431.8929981686902
1841602	76	905.0	394.0	881.4644644517041	431.8217128159089	360	150	125	44.54664290240272	805.0398826599121	77.81487196241375	288.2508446036273
1841602	77	865.0	659.0	839.6340867719575	654.0011001745949	90	0	0	25.853791856457256	568.8230991363525	108.2229451407011	234.65678663601895
1841602	78	616.0	765.0	589.652137530847	740.0789556825921	360	75	62.5	36.26662800100957	964.9200439453125	251.8299727032984	852.1281141124131
1841602	79	982.0	434.0	969.9846747840973	305.51233936967304	90	75	250	129.04823506851218	730.0589084625244	256.6879761427754	205.87625968869048
1841602	80	1181.0	630.0	1158.6652597553775	638.4280805089801	360	150	125	23.872016313261206	572.8659629821777	77.39887531418283	226.25569362330347
1841602	81	1215.0	746.0	1126.5092607826314	710.7910920319032	0	0	250	95.23800778860429	802.1559715270996	0.0	306.37295396374054
1841602	82	913.0	715.0	914.7658141703472	779.069493286776	360	150	0	64.09382239895228	712.4929428100586	81.51364747515821	540.2091432207052
1841602	83	982.0	232.0	925.2382455252696	133.1638563978968	90	0	250	113.9757871356243	778.1188488006592	302.6880644527076	371.7535257620511
1841602	84	1126.0	687.0	1142.0181198106443	682.8818681051407	0	0	62.5	16.539019698023598	1016.6049003601074	0.0	313.4673408119654
1841602	85	688.0	735.0	700.6300095368618	733.5597650823836	0	75	0	12.711861292475731	609.119176864624	210.0000000000001	332.1148213201847
1841602	86	1116.0	556.0	1108.585962628282	588.3066787833568	0	0	0	33.14648464257149	480.1309108734131	135.99999999999997	166.883596093542
1841602	87	719.0	594.0	708.5004895081966	708.4707067856468	0	0	125	114.95121762109795	701.4100551605225	300.0	259.46823183066897
1841602	88	1064.0	689.0	1069.7160447282095	711.5750569222752	360	0	125	23.287472219604577	733.9389324188232	52.120281283139086	153.0508836448127
1841602	89	919.0	592.0	748.3011899939605	554.6063372797116	0	0	125	174.74658723167286	669.1310405731201	276.0	43.754438785682474
1841602	90	784.0	0.0	744.826362779589	61.93742608784089	90	150	125	73.28586905715947	813.8129711151123	394.28583444407747	639.8938234906029
1841602	91	1187.0	748.0	966.4966678257639	939.735557756739	90	150	250	292.2058240491269	906.2628746032715	472.9289228217571	467.0541553921047
1841602	92	730.0	0.0	761.7315921723452	-269.9679769828618	0	0	250	271.82641986755266	1187.5	819.9999999999999	826.2684742442659
1841602	93	595.0	435.0	704.5837923661211	487.8274698468197	90	75	0	121.65257547523515	576.632022857666	176.12965089430654	459.2697672173035
1841602	94	771.0	162.0	866.3640293739918	308.70527330103147	360	0	250	174.97638501458962	1010.9188556671143	117.4193433964273	578.4481083575189
1841602	95	897.0	285.0	1010.7822282266809	420.88744330442023	360	75	250	177.23372339382965	930.2101135253906	228.1480252779889	362.07627586731644
1841602	96	874.0	650.0	907.2394148205392	594.7314641621907	0	150	0	64.49395127658941	519.4940567016602	170.9999999999999	147.50950608818573
1841602	97	1013.0	665.0	850.0909192446675	592.0015011019763	0	75	250	178.516524260115	698.1339454650879	299.9999999999999	92.82970905148183
1841602	98	638.0	668.0	677.3026665570543	694.8081224946113	360	75	0	47.57494119997501	688.3480548858643	105.27254658333335	350.2573030415876
1841602	99	869.0	0.0	911.7563889957229	-198.60974885670808	90	75	250	203.15989058098606	1051.0458946228027	619.7002065863978	706.0544680958941
1841602	100	1310.0	624.0	1171.0001697972436	613.6445040372241	360	0	0	139.3850389856464	536.0269546508789	74.8777024711117	357.1990784320498
1841602	101	757.0	401.0	793.5915342127001	421.78816533628225	360	0	0	42.08429866455911	544.2461967468262	57.70400431649802	303.8088428178186
1841602	102	536.0	871.0	717.0015376216816	711.8455806729908	90	0	125	241.02216871634545	757.6439380645752	132.56114042589104	514.7018236760898
1841602	103	1349.0	777.0	1216.569311040399	731.3696529223895	360	0	250	140.07146730415076	1027.4930000305176	172.44416079487618	502.83182502689476
1841602	104	1052.0	694.0	1006.6193180571344	537.2423156453626	90	75	250	163.19429493039166	714.439868927002	273.20693911178995	136.07460023028364
1841602	105	460.0	227.0	472.6309886402196	277.6982165794498	0	75	125	52.24797640450927	821.986198425293	406.00000000000045	668.4696037765551
1841602	106	1140.0	522.0	1146.708011777344	528.3053813863884	0	0	0	9.206261805575476	616.2300109863281	0.0	205.4797695628382
1841602	107	760.0	369.0	784.3321925384568	367.9167218102009	90	150	0	24.356294573785743	609.1370582580566	220.9071803020981	332.83868916351133
1841602	108	1230.0	1199.0	1204.6962659543917	1202.3419783450192	90	0	250	25.523474996744724	1490.3678894042969	837.8045945940394	1285.4795446985477
1841602	109	1386.0	809.0	1261.0798771165075	979.2002732092391	90	75	250	211.12358963821757	994.0299987792969	562.0411160606487	549.2754325404854
1841602	110	613.0	493.0	632.8180524225295	564.6372901173968	90	75	0	74.32803331977917	520.9951400756836	161.25353959875642	395.37166122953295
1841602	111	1151.0	271.0	1029.8532095361452	406.77197051275886	360	150	62.5	181.96310839456058	608.8991165161133	74.57091289794481	521.5075644540098
1841602	112	835.0	762.0	836.124262298821	757.0184753746792	0	0	125	5.106814399332355	1066.4560794830322	0.0	221.18508852537457
1841602	113	1461.0	560.0	1419.987606296742	643.6802810224385	90	0	125	93.19015972335991	852.8320789337158	303.6818220887515	531.0570029289939
1841602	114	1103.0	614.0	929.3226074778863	670.8746344190541	90	150	250	182.75273107010304	634.5109939575195	251.5767120044729	144.73354004906867
1841602	115	1226.0	530.0	1198.141540181839	528.3435566569794	360	0	0	27.907661815149055	728.1811237335205	62.22886459588042	315.79968048175186
1841602	116	1101.0	531.0	1078.9634861141249	545.6721249626061	90	0	0	26.474123123546427	728.8451194763184	212.09536740927106	341.82187886354484
1841602	117	988.0	995.0	961.0624009363676	1061.3447859793318	90	150	62.5	71.60492210704763	806.7348003387451	351.10262548572206	626.4648174040718
1841602	118	756.0	695.0	778.9605309060416	709.4905395984624	360	75	0	27.150722225051414	663.8720035552979	49.948578678452726	361.75673215060266
1841602	119	914.0	314.0	926.5411045939529	320.75815469388596	0	0	0	14.246120851058365	552.278995513916	190.00000000000014	355.3878132208833
1841602	120	1019.0	455.0	1070.7073294726708	573.413582893023	90	0	125	129.21077561394856	629.478931427002	230.62239200244713	185.7589873820977
1841602	121	1257.0	586.0	1381.7457897296829	471.24356749016454	0	0	250	169.50088748341904	795.2139377593994	377.9999999999998	369.8634367008484
1841602	122	767.0	882.0	785.98291401206	822.3094756928216	360	0	62.5	62.636329046769	695.3530311584473	85.76964690728664	462.2212377071606
1841602	123	541.0	692.0	574.8710669684951	623.2545534490428	90	75	62.5	76.63671182321696	901.0128974914551	398.92339213612456	696.5578694920134
1841602	124	1137.0	680.0	1112.5013535742332	702.2787152755051	0	150	0	33.113816316180746	529.0470123291016	171.00000000000003	202.25275020814425
1841602	125	1124.0	688.0	1140.060384524396	687.0531902053369	0	0	250	16.08826901374825	1922.8060245513916	0.0	361.7137546391645
1841602	126	803.0	472.0	805.8570361793949	472.5639505296888	0	0	62.5	2.912163444985099	1065.418004989624	0.0	276.13200343005326
1841602	127	560.0	452.0	519.429396897447	458.8129499151219	360	150	250	41.13866943218808	1154.0498733520508	443.3044732127862	479.8185828552271
1841602	128	544.0	621.0	448.18205411167213	569.5305224277583	90	0	62.5	108.7666579233637	798.7239360809326	356.82500160264493	564.5702885475462
1841602	129	1065.0	0.0	1042.0447853215148	-269.6294814526405	0	150	250	270.6048764330664	1098.2391834259033	702.9999999999998	655.4518564382525
1841602	130	1089.0	672.0	1080.6550937485124	630.1455351889117	90	0	62.5	42.67825775460785	615.3011322021484	180.04655179762617	230.64275907949585
1841602	131	845.0	534.0	908.5760794559027	589.5513974433795	90	0	62.5	84.42674716519383	563.2641315460205	155.00984911269398	185.94218621476645
1841602	132	840.0	0.0	879.8542960923168	-132.23822539042018	90	75	250	138.11340692134715	1065.9801959991455	604.6015722584468	686.2366109191868
1841602	133	1097.0	633.0	1018.8946988972259	544.695215602063	90	150	62.5	117.89051279861816	592.2460556030273	225.37223209697532	246.57105035944213
1841602	134	1523.0	580.0	1430.8020186376016	585.9146732819792	0	0	62.5	92.38750525549288	664.0470027923584	275.99999999999966	715.5450173778634
1841602	135	454.0	151.0	548.4463511159133	200.2308974297453	0	150	125	106.50725093085676	781.2800407409668	378.00000000000006	682.2680664313367
1841602	136	860.0	967.0	832.6856717917964	952.8025245431007	90	0	0	30.783775512674286	615.5068874359131	179.58307709718233	430.2074680876168
1841602	137	46.0	504.0	169.60553225885374	521.9073209402959	0	150	250	124.89595569214119	1002.8657913208008	594.9999999999998	924.4262430023825
1841602	138	1015.0	698.0	969.9029694831362	650.6086753324029	0	0	125	65.41926180559169	485.4390621185303	153.0	115.24717190156548
1841602	139	1236.0	181.0	1189.765948490331	224.5958381474187	90	150	125	63.54671213190063	917.7491664886475	495.37366167390417	708.3457986221106
1841602	140	1807.0	271.0	1748.2021838056578	575.2797611423877	90	150	250	309.90862561421574	1138.3161544799805	646.0688575967117	959.8175163571517
1841602	141	1154.0	658.0	1070.1929030055828	644.748852605334	360	75	125	84.84823164867262	637.099027633667	147.85666146384725	213.9743918695224
1841602	142	1097.0	749.0	1096.8416051106299	745.8573793496456	0	0	250	3.1466098412438126	2555.2189350128174	0.0	337.48170461479003
1841602	143	615.0	304.0	558.0328013787209	211.7832954952988	0	150	0	108.39364514796814	808.007001876831	377.9999999999999	468.00679548136816
1841602	144	937.0	679.0	928.6422587825194	565.5665046917356	90	0	125	113.74097632827144	693.4430599212646	247.60836414412825	114.96480559442612
1841602	145	1051.0	364.0	982.8027715454984	435.9042230008464	90	0	62.5	99.10135848832206	591.439962387085	216.45777975992962	354.6643444980932
1841602	146	952.0	555.0	961.3261682039459	585.9456914913673	90	150	0	32.3204770269124	568.4049129486084	187.3345945875038	51.46941344953365
1841602	147	960.0	557.0	1000.3266261768173	582.4792467241588	0	75	62.5	47.7014548251447	612.1020317077637	210.00000000000003	44.0
1841602	148	1135.0	450.0	1174.5734980137504	512.7867620727893	0	75	62.5	74.21751300487885	680.3851127624512	299.9999999999997	296.1629961406014
1841602	149	774.0	704.0	815.3197181825163	676.1277572872829	360	0	125	49.841559210353616	1012.7959251403809	81.76407018281327	247.87322729145782
1841602	150	769.0	695.0	786.8867371329687	671.2576617609345	360	75	62.5	29.725981738575317	783.0929756164551	147.53543839132246	294.45657224784543
1841602	151	928.0	457.0	926.9368830692622	479.80448719850824	90	0	0	22.82925434602163	632.9491138458252	149.4800198106491	241.95541652275216
1841602	152	1297.0	88.0	1171.9781891532612	139.33427489887666	90	75	125	135.15051226980674	829.0829658508301	397.6945640370133	641.0182370353941
1841602	153	989.0	645.0	937.5255525572994	578.2562426794523	0	150	62.5	84.28729370904912	596.757173538208	231.0	69.93659606357218
1841602	154	1234.0	783.0	1233.6791906617568	818.502580243003	0	0	0	35.504029666255754	535.9468460083008	171.0	336.5806169859655
1841602	155	990.0	53.0	831.852700319591	106.36519076322372	0	0	250	166.90839398125053	1002.3050308227539	594.9999999999998	629.9783741412176
1841602	156	1465.0	0.0	1353.594785193372	36.367025631074455	90	0	250	117.19079502828775	1075.134038925171	522.4028392256181	914.6814216607535
1841602	157	763.0	636.0	762.6509974730257	632.4556805753368	0	0	125	3.5614607884798	1580.8000564575195	0.0	286.4059766770819
1841602	158	1130.0	624.0	1039.228492964199	845.2995506042485	90	150	250	239.1923025249617	817.6999092102051	399.09924082510696	185.7186730845381
1841602	159	293.0	0.0	255.03309974469286	-166.05295146160043	0	75	250	170.33809968443663	1394.556999206543	1128.0000000000002	1046.4516454589605
1841602	160	764.0	625.0	760.6941716838834	616.6489278701861	0	0	125	8.981587085420559	1767.0819759368896	0.0	476.45392560577704
1841602	161	1066.0	579.0	1126.878044408373	569.9633047982745	360	150	0	61.54509039035296	696.0041522979736	73.30736636721765	390.80793309245723
1841602	162	1006.0	505.0	1021.6472261657858	669.8176744412291	0	75	125	165.55875541601003	653.0590057373047	276.0	125.36575958995354
1841602	163	1628.0	728.0	1671.1253251915643	725.1739492771894	0	0	62.5	43.217823123869536	971.5580940246582	561.0	907.728370164309
1841602	164	446.0	448.0	331.1220719536971	403.8938988616935	0	150	62.5	123.05399834964349	959.3708515167236	561.0000000000001	1105.0745442090006
1841602	165	802.0	621.0	822.8091017831022	630.2066196760017	360	75	0	22.754792086021055	760.4851722717285	82.0412940357757	234.6680407197526
1841602	166	736.0	788.0	729.2219826078984	747.8938616413201	360	75	62.5	40.6748553016874	703.7088871002197	197.61803605095855	442.41962772875877
1841602	167	1005.0	679.0	1011.3817429137503	689.178814176601	90	75	0	12.01394609023094	568.228006362915	155.00865871551426	113.13463095056547
1841602	168	889.0	827.0	893.6639364257015	762.289589374439	360	75	125	64.87826713400806	740.933895111084	98.470356470208	238.26782842122782
1841602	169	1193.0	0.0	1103.5339067876562	52.67263127514235	0	75	125	103.81997842480463	821.4221000671387	405.9999999999998	742.5795121028241
1841602	170	1085.0	508.0	1039.5852612273984	542.6594612961217	0	150	0	57.12947361144682	471.8630313873291	136.00000000000009	169.1618365455458
1841602	171	1107.0	869.0	1065.719498203936	810.1765543998516	360	0	125	71.8629082406805	725.1789569854736	44.81770064268958	312.87553410875176
1841602	172	1029.0	468.0	1179.0503582038123	670.2964040325784	0	75	250	251.87088970662046	826.0500431060791	406.0000000000002	187.411313939081
1841602	173	338.0	366.0	446.8134782310273	491.3714330834617	90	150	125	166.00713622653444	822.145938873291	360.67908475543743	681.2716214153428
1841602	174	1197.0	755.0	1118.2197229119763	744.168644381248	360	150	0	79.52138280114137	584.3651294708252	103.54051163595523	290.95696229675144
1841602	175	862.0	671.0	848.1444604126644	533.8748206068532	0	0	125	137.82340440164333	669.2180633544922	275.9999999999996	141.8840230153428
1841602	176	1160.0	259.0	1097.2966060323379	309.93518566003945	360	0	62.5	80.78433482604493	671.9570159912109	125.47809711571782	553.8107714960624
1841602	177	1247.0	274.0	1257.683489489711	300.0936612758438	0	150	62.5	28.196029976846663	678.3120632171631	300.0	520.2983957601451
1841602	178	1265.0	1159.0	1203.5160739549262	963.3350457572824	360	150	250	205.09765352319582	1106.5080165863037	252.58123187910422	675.7603387858438
1841602	179	520.0	549.0	556.763641420607	525.532722072007	0	0	0	43.61511737749465	632.188081741333	230.99999999999972	453.6333730995531
1841602	180	1547.0	613.0	1539.6447278310484	577.728210262315	0	150	125	36.03053121976995	829.348087310791	434.99999999999994	605.5246426894937
1841602	181	599.0	54.0	620.1413152172576	132.60271911280086	0	0	125	81.39620790332505	781.0249328613281	377.9999999999999	677.7067046238083
1841602	182	1069.0	0.0	1153.4753993374145	161.37837968703434	90	75	125	182.15124079629067	781.0778617858887	300.4727565214399	632.2951952405136
1841602	183	896.0	51.0	929.485725619621	146.0335060237725	0	0	62.5	100.7604142877695	687.5739097595215	275.9999999999999	845.1668818061812
1841602	184	1278.0	633.0	1158.314063352987	625.0230750052449	360	75	62.5	119.9514683671891	695.2929496765137	114.73301020099552	542.2916823145838
1841602	185	919.0	585.0	909.6982117930535	593.9992510605198	0	75	0	12.942557069495807	488.09194564819336	152.99999999999986	60.501557157512394
1841602	186	1050.0	756.0	1028.1141479889977	648.9818512027813	360	75	250	109.23312084817104	1018.9411640167236	159.29646046707654	192.21138771841734
1841602	187	1546.0	354.0	1308.8131327278288	439.3986737134581	360	150	125	252.09233125663349	822.1850395202637	242.01153211165982	711.9300463765577
1841602	188	571.0	972.0	539.5455014514105	948.4216190537352	0	75	62.5	39.31062867711994	807.3980808258057	405.9999999999998	744.7374352658197
1841602	189	526.0	584.0	692.8764205169801	509.70740395420125	360	75	125	182.6667171429547	845.6580638885498	192.71363865364032	453.575008799342
1841602	190	900.0	798.0	879.4679237013542	769.1087078407196	360	0	62.5	35.44394052255352	636.1560821533203	63.614794417719416	359.0740850219285
1841602	191	986.0	189.0	957.7404168311581	314.0972853063011	360	150	250	128.24950226758304	978.287935256958	127.05018307181423	424.57491715032467
1841602	192	1127.0	789.0	1049.8374067218008	740.6880294911334	360	0	250	91.0390701614773	1002.8839111328125	88.83036434136422	262.7979099815464
1841602	193	1442.0	344.0	1421.7416451688257	352.1076761341441	0	0	62.5	21.820525950625786	721.6260433197021	325.0	703.643410969913
1841602	194	736.0	245.0	757.0811700680509	278.972526923213	0	75	0	39.98184984447969	552.0038604736328	190.00000000000003	424.1222958569455
1841602	195	1115.0	383.0	1108.2644449609852	390.39421088646435	90	150	0	10.002102594810031	529.062032699585	162.4224661480277	276.14841751776856
1841602	196	1050.0	342.0	1038.472597330295	499.19324837852224	360	0	250	157.6153493416847	722.710132598877	136.22695982594973	277.44512381470037
1841602	197	1012.0	497.0	997.3158720428833	487.5597257232347	360	150	62.5	17.456872351069485	647.1259593963623	111.15721707262237	179.1882020145322
1841602	198	890.0	219.0	899.7527358100738	244.05620868267783	360	0	250	26.887347383685796	1051.0609149932861	172.23070326605847	415.96506929399897
1841602	199	473.0	216.0	529.4833913228957	35.40340685442922	90	150	250	189.22342072566545	1259.3181133270264	888.8903996925294	763.1032488809935
1841602	200	1316.0	444.0	1265.2945948684019	523.0427261547004	360	75	250	93.90841638280595	954.0870189666748	163.24777388375972	414.1422875706894
1841602	201	562.0	166.0	664.4747958889947	188.05798378087061	360	150	250	104.82193683083837	1090.291976928711	383.0187616388862	706.2095972133726
1841602	202	931.0	380.0	925.1006018494248	397.6285334731876	0	0	0	18.589461825300507	560.9159469604492	189.99999999999994	258.16957337335936
1841602	203	971.0	928.0	933.3468415058826	963.8928063317073	360	150	62.5	52.0197452026495	887.1212005615234	271.1136479564219	444.3474288097394
1841602	204	921.0	406.0	922.586906149239	403.5305102350135	0	0	62.5	2.9354132291494635	1401.7109870910645	0.0	303.4749801704253
1841602	205	1220.0	210.0	1230.7312833159583	138.9888633546556	0	0	125	71.81742107087346	1029.0439128875732	630.0	623.4299517321633
1841602	206	926.0	846.0	873.4180496184931	836.5580864532583	0	150	62.5	53.422946730289944	719.6378707885742	324.99999999999994	471.512643316479
1841602	207	1437.0	1015.0	1383.8394841037693	1093.3260043934642	0	0	250	94.66257663194243	1033.623218536377	629.9999999999997	757.1699747729853
1841602	208	778.0	222.0	792.9352613290702	314.7986032597036	360	75	125	93.9927805627618	796.7941761016846	145.94353404883972	464.86381347185704
1841602	209	1070.0	524.0	1048.6373813685263	557.2203663064791	0	0	0	39.49625567481607	496.3691234588623	153.00000000000017	167.16273884921588
1841602	210	1035.0	792.0	1035.9029130063072	785.0371524779739	0	0	0	7.021146452819775	911.4980697631836	0.0	208.41043693792207
1841602	211	999.0	643.0	999.5694186611515	648.4771365632904	0	150	0	5.506656203595806	504.67801094055176	152.99999999999994	59.78166726867589
1841602	212	1269.0	766.0	1195.1402960782195	797.9072894133967	0	150	125	80.45701325007865	797.8248596191406	406.00000000000006	419.1571298770643
1841602	213	739.0	0.0	761.7959006398239	-136.18704481619847	0	0	250	138.08173036919104	1211.3041877746582	860.9999999999999	878.6375485026864
1841602	214	1380.0	715.0	1035.3437191938517	677.9805406133065	90	0	250	346.63870567553414	873.7778663635254	229.9083711217	468.4499721561051
1841602	215	883.0	559.0	899.3237171904149	524.6418894399703	360	150	0	38.03871060075339	728.9149761199951	112.3342062353983	261.6386891874927
1841602	216	936.0	799.0	936.8733955564134	798.6584006955404	0	0	125	0.9378218822195739	1397.0820903778076	0.0	255.99342709027314
1841602	217	1131.0	501.0	1131.708877867931	497.4521513568619	0	0	0	3.6179742710886154	927.5720119476318	0.0	215.31602722770847
1841602	218	1400.0	590.0	1384.4758976294802	596.1091686382364	0	0	0	16.682916287651565	656.0051441192627	252.99999999999994	447.4906440317586
1841602	219	873.0	313.0	869.7907920482982	434.1638198935586	360	0	125	121.20631281775702	813.9801025390625	84.84065711198161	317.58071483087826
1841602	220	659.0	442.0	771.1947584454207	496.2848511953633	90	75	125	124.63750997163346	948.5211372375488	339.1038543928768	628.7583347572393
1841602	221	921.0	713.0	1215.2924502865633	763.7549710162893	0	0	250	298.6370931055513	874.2930889129639	465.00000000000017	160.45818303101206
1841602	222	1272.0	693.0	1299.58044842386	722.7101695249678	0	75	0	40.53856569322012	647.8900909423828	252.99999999999986	353.72969282134045
1841602	223	1007.0	547.0	980.1612369132501	777.743151332181	0	150	250	232.29877548263676	827.7621269226074	378.00000000000006	108.82537049293252
