user_id	turn	x_curs	y_cursl	x_targ	y_targ	angle	min_tim	lag	dist	elapsed	targ_dist_trvl	mouse_dist_trvl
1841002	1	917.0	821.0	912.9727636514102	763.3200881381296	90	150	0	57.82033262616659	1200.1540660858154	377.2457829724091	827.1339079764666
1841002	2	618.0	534.0	611.7443337767372	515.4035293203469	90	150	0	19.620450597171995	807.776927947998	184.5626268744138	361.2450501793257
1841002	3	1330.0	694.0	1285.8514342076999	688.4596901075266	90	150	0	44.49484122032229	719.6907997131348	142.1551453534427	396.8899169848083
1841002	4	311.0	966.0	499.8341479664862	989.2723020814076	90	0	125	190.26280635583274	1028.9850234985352	543.139485674314	1202.7584462042432
1841002	5	776.0	654.0	770.59009461406	664.2175033903474	0	0	250	11.56133434412231	2139.0540599823	0.0	655.2322100679277
1841002	6	1625.0	326.0	1598.2820498791639	336.61773122205045	0	0	125	28.750392605374834	1036.9958877563477	666.0000000000003	1049.0807272275135
1841002	7	607.0	90.0	678.1170651372398	342.52976261973635	0	75	62.5	262.3526595300966	823.7900733947754	434.9999999999999	1284.3585833431684
1841002	8	1311.0	151.0	1226.747951323802	70.0184653419539	0	0	250	116.86067200606352	1122.0791339874268	741.0	785.580368736906
1841002	9	980.0	1075.0	912.9798436277576	1266.689161578163	360	75	125	203.0675651764676	1692.6250457763672	525.771382474445	1344.3332297891056
1841002	10	1171.0	394.0	1173.415682104097	387.72642255942384	90	150	0	6.722595773282851	783.7538719177246	343.94019393468636	458.1870307072706
1841002	11	1919.0	165.0	1788.4158800910643	388.58685615310816	90	75	250	258.92719945347955	1378.3249855041504	811.2949224212084	1454.2325938490785
1841002	12	1465.0	662.0	1437.5640813509158	671.6434257317893	360	75	62.5	29.08135643266495	898.8630771636963	288.31152596888927	680.3312591341132
1841002	13	929.0	784.0	898.7030235633925	808.5627842420047	0	150	0	39.00304027790168	792.7720546722412	378.0000000000001	376.647791064916
1841002	14	857.0	774.0	859.845120512326	773.1155686667421	0	0	62.5	2.979417646605926	1188.1401538848877	0.0	577.6942353221826
1841002	15	448.0	1186.0	518.1066741995003	1124.692999303694	0	150	125	93.13159561444085	900.8650779724121	495.99999999999994	970.5139445289892
1841002	16	321.0	483.0	181.62420363366334	474.1097788741624	0	0	62.5	139.6590442628648	1063.020944595337	666.0000000000001	1576.7047952318849
1841002	17	752.0	779.0	706.666535979328	840.922826777764	0	150	0	76.74346510461025	760.7309818267822	351.0000000000001	595.6782034439957
1841002	18	790.0	606.0	774.0848487462707	598.8021569188371	360	75	125	17.467140133694613	1309.2570304870605	309.35335264501333	772.9891540922914
1841002	19	864.0	0.0	932.1602845288086	-141.0892305812241	0	75	125	156.69076352181693	972.9349613189697	561.0	849.0863414057911
1841002	20	1054.0	1065.0	1015.9228948298482	1073.4691993524905	0	0	62.5	39.00760535858389	702.6760578155518	324.99999999999966	615.4601672849907
1841002	21	1029.0	740.0	1037.8264467966014	784.2363812579257	0	0	250	45.10835388095863	1738.6701107025146	0.0	593.9695025662617
1841002	22	1213.0	1199.0	1079.5137471528815	984.7670894499065	90	150	250	252.41695597152187	1234.1852188110352	657.016891210175	1431.3834559628472
1841002	23	1205.0	504.0	1155.0046028851827	555.5792294799808	0	0	250	71.83283821774548	1235.1858615875244	0.0	344.57093834711344
1841002	24	1108.0	788.0	1090.7927866868936	751.3051451559951	0	0	250	40.52900889517701	1266.228199005127	0.0	284.6761169545717
1841002	25	1178.0	697.0	1170.7177887773287	685.7715544671086	360	0	62.5	13.383145720521387	952.9149532318115	87.96298017971559	391.7038752437823
1841002	26	492.0	126.0	455.8940049336641	61.624722206194036	90	75	62.5	73.80934406130403	995.9561824798584	569.2448798216204	932.8211221413744
1841002	27	406.0	691.0	792.2124148820837	523.9433229663797	360	0	250	420.794442395056	1562.5121593475342	307.3100468563388	1510.450813862331
1841002	28	1195.0	196.0	1212.1645111522369	459.42936482123605	360	75	250	263.9879745238694	1793.722152709961	306.10657505579144	991.8168094096168
1841002	29	981.0	0.0	1009.1232034971468	-47.94911628625981	90	150	62.5	55.58805921756217	854.8219203948975	460.46678538132954	941.5397724218091
1841002	30	911.0	324.0	801.7273351274498	371.8805350612138	360	150	62.5	119.30239279283876	1886.8129253387451	517.6119562996903	1358.4268101805917
1841002	31	233.0	862.0	267.7309338027245	908.6915321941984	0	0	125	58.19224124787685	1276.2248516082764	946.0000000000008	965.9683852176477
1841002	32	967.0	695.0	951.9507018312671	659.9703492717179	0	0	0	38.12555318309316	503.48401069641113	153.00000000000003	108.30649375687815
1841002	33	1628.0	987.0	1906.8124834567025	1061.2769459733545	0	0	125	288.53676652104946	1261.21187210083	946.0000000000001	925.0427441693244
1841002	34	0.0	487.0	-410.35300915042694	639.9897855785542	0	0	250	437.94459308248383	1538.4738445281982	1375.0	1261.8990599486042
1841002	35	792.0	669.0	784.76364492433	640.7359433656791	360	0	125	29.175704485226657	1572.5109577178955	89.87255335212194	495.58220272692625
1841002	36	1583.0	554.0	1355.0076596207932	569.540273727272	0	75	0	228.52134994154622	912.8749370574951	495.9999999999998	935.2723332030184
1841002	37	884.0	1112.0	799.1046541128401	1249.4667254761785	0	75	62.5	161.56831485920603	935.899019241333	496.00000000000045	690.2901954700162
1841002	38	942.0	73.0	865.2811693909686	100.68054173046491	0	0	62.5	81.55974105224506	1005.964994430542	595.0000000000002	993.3238920644236
1841002	39	352.0	1124.0	426.62560626546747	1220.0208082991196	90	75	62.5	121.60993683455663	1319.267988204956	821.9941967988634	1260.085819326076
1841002	40	780.0	591.0	763.397894515574	563.290163183547	0	0	125	32.30270829064439	1261.21187210083	0.0	491.6059397833427
1841002	41	1232.0	942.0	1225.1205957593604	848.6644404509649	360	150	125	93.58874333507	1381.3269138336182	355.38149742027963	939.8207438717758
1841002	42	512.0	40.0	433.2283737613045	-83.9223725755329	0	150	125	146.83910761455184	1045.00412940979	666.0	776.1679819335567
1841002	43	0.0	1199.0	-182.79028462278708	865.1384037140102	0	150	250	380.6256082124648	1442.3861503601074	1225.0	1792.6416730763622
1841002	44	1334.0	333.0	1265.396456813385	441.1381493470028	360	75	125	128.06367744974546	1708.6400985717773	523.2158374233142	884.9016824024307
1841002	45	1919.0	630.0	2131.440946242448	678.7936918193824	0	0	250	217.97242945324865	1434.3688488006592	1224.999999999999	1106.45579790534
1841002	46	653.0	210.0	583.6588445696342	279.5630888104945	90	0	125	98.22025840566137	1501.4410018920898	503.9134685375898	860.4162052734848
1841002	47	1729.0	1118.0	1894.5597072618446	1092.2087744557857	90	75	125	167.5565695032582	1269.2170143127441	870.9462144458237	1288.7629488822001
1841002	48	413.0	778.0	325.4862264094281	849.2465082751858	90	75	62.5	112.84824105615465	1282.2301387786865	890.0448509735328	1025.3172212513377
1841002	49	1189.0	88.0	1074.849118673578	38.72206222792548	90	150	0	124.33317682206679	984.9538803100586	516.9944012233226	1033.4021949557032
1841002	50	1135.0	396.0	1083.259638485536	412.9255495778589	360	150	0	54.43839856351383	998.9590644836426	88.25447825058913	374.6030545609492
1841002	51	709.0	1017.0	735.7823313486748	1035.493225908926	360	150	0	32.546776752679826	1080.0330638885498	382.0709121936348	548.7675449997727
1841002	52	1108.0	34.0	1098.0493114683588	-31.91472903244422	0	0	125	66.66159093266738	1069.0388679504395	703.0	968.9409996911714
1841002	53	791.0	922.0	772.1979063313092	922.6787703435194	360	0	0	18.814341750522726	968.9350128173828	176.0737661692463	511.7658001255245
1841002	54	784.0	510.0	782.702688913749	507.44913030346436	0	0	62.5	2.8618092639471513	1111.0641956329346	0.0	400.96989498214776
1841002	55	1919.0	802.0	2114.0768995568496	710.8082369859236	0	150	250	215.33911484523352	1298.2470989227295	990.0000000000002	1253.6167937690013
1841002	56	828.0	445.0	881.626003922996	617.7551475432911	360	150	125	180.88695171143064	1636.584997177124	362.57278707045964	1248.7266981538457
1841002	57	703.0	219.0	725.6157589698263	303.6913855585293	360	150	125	87.65901745744556	1003.9651393890381	252.2243806010704	518.9106601634961
1841002	58	252.0	519.0	111.67137195129652	598.3335406586368	0	0	125	161.20153387442363	1189.1429424285889	820.0000000000001	877.4396637545503
1841002	59	1153.0	615.0	1162.7048670139416	590.8550531882464	360	0	62.5	26.02235385780273	1015.9749984741211	70.29603818142856	300.42246316447114
1841002	60	451.0	607.0	542.4593013665664	683.5097665520811	90	150	62.5	119.24155393282311	870.8369731903076	416.1213046455273	956.1809065973772
1841002	61	1098.0	272.0	1175.820176723416	282.07409505699957	0	75	125	78.46953100714407	955.9190273284912	561.0000000000001	438.2875738768943
1841002	62	977.0	729.0	877.9670805620093	778.8681275146696	0	75	125	110.87988669831378	772.7410793304443	378.00000000000006	342.68108146232584
1841002	63	1314.0	221.0	1202.5740975723238	323.0834852129158	360	150	62.5	151.1183962495553	981.9419384002686	227.8090697026874	1034.9817139680267
1841002	64	1098.0	543.0	1106.013019491666	539.4863471730007	360	75	0	8.749527847975537	672.652006149292	63.53217571266071	241.91690088216023
1841002	65	735.0	622.0	652.2031055501801	590.2097503496852	360	0	125	88.69016689218682	1197.1499919891357	145.32978372058585	562.5835290455316
1841002	66	1684.0	871.0	1520.8384638694918	795.4967499164475	360	75	250	179.7843921080098	1602.5381088256836	471.0395080217228	944.3407196810274
1841002	67	992.0	546.0	946.154294184534	593.806930113479	90	150	62.5	66.23693311584795	598.5760688781738	201.95051202194577	104.9940539377295
1841002	68	1507.0	739.0	1440.9618695798401	662.4702302690298	90	0	62.5	101.08333356426947	878.8440227508545	416.45397462196854	977.9587510168308
1841002	69	828.0	746.0	821.1704366807697	743.9664973130618	0	0	0	7.125873161175421	824.7919082641602	0.0	205.23143781228868
1841002	70	1126.0	514.0	1137.5839036587852	508.00023281927656	0	0	62.5	13.045460137492377	1226.1769771575928	0.0	635.4061401083603
1841002	71	876.0	715.0	894.9768253208605	664.193815439091	90	75	0	54.23456728780635	647.6340293884277	242.12853036069646	349.3176065114344
1841002	72	1295.0	973.0	1296.642554108485	901.2940214483576	0	0	62.5	71.7247889090508	769.7389125823975	350.99999999999994	605.9935916529832
1841002	73	1034.0	900.0	1240.072871617186	719.2055718040634	90	0	250	274.1398432976295	1001.9619464874268	489.6780645408008	554.9256631362415
1841002	74	865.0	642.0	941.33159808355	496.5766640451805	0	150	125	164.23903161616886	677.649974822998	276.00000000000017	147.9986523810998
1841002	75	1397.0	1199.0	1461.024571835741	1297.609355658902	0	0	250	117.57104584979146	1186.1300468444824	819.9999999999992	956.3726711972648
1841002	76	921.0	770.0	767.795432277715	559.1838194215343	0	0	250	260.6052600479593	754.7249794006348	350.99999999999994	203.0861046614145
1841002	77	909.0	642.0	969.7792632629312	623.9078576604757	0	0	62.5	63.414859908528584	585.5629444122314	210.00000000000003	123.64764767011238
1841002	78	922.0	807.0	939.5334595811565	798.9500457986472	0	0	62.5	19.293106736032094	869.8341846466064	0.0	273.71934327073166
1841002	79	799.0	474.0	799.0468153560837	481.2815416500813	0	0	0	7.281692143961722	776.7460346221924	0.0	223.65556738202216
1841002	80	1506.0	978.0	1342.064055008587	908.7502467076885	90	0	125	177.96213752164698	868.8468933105469	408.236100432966	760.5355219244818
1841002	81	1740.0	777.0	1784.0426075528705	705.2965824043456	0	0	62.5	84.14945855412839	1038.9981269836426	665.9999999999999	1055.6104885416012
1841002	82	1089.0	465.0	1074.5323121422969	463.66955286794996	90	0	62.5	14.52873296330795	702.6739120483398	268.9484273207645	332.6558122784299
1841002	83	655.0	621.0	667.5125270853591	580.6956819533561	360	150	0	42.201912128088075	703.6690711975098	193.0011371057151	432.13255152340514
1841002	84	886.0	573.0	998.8194451491728	531.2049675975504	90	150	125	120.31230999897318	644.6170806884766	271.80108635313394	106.10676375196357
1841002	85	1041.0	857.0	1030.9633422034972	786.9871762001592	0	0	125	70.72856563052623	925.8890151977539	0.0	271.8439717986442
1841002	86	1221.0	635.0	1205.3090199047822	628.5944563520484	360	0	0	16.948092688392247	639.6138668060303	88.3955388534773	287.50208420637443
1841002	87	739.0	6.0	793.6591037943119	52.4151030240513	0	0	0	71.70759664310792	839.8070335388184	406.0	657.450571825064
1841002	88	1020.0	513.0	773.0193218547021	591.1564374280462	0	75	250	259.0518945859214	777.7600288391113	377.99999999999955	166.61095437484738
1841002	89	370.0	471.0	548.3394626375655	354.08308477152013	90	75	0	213.24757677497573	992.9609298706055	490.39549381049915	891.895064511641
1841002	90	1261.0	615.0	1224.3668010509316	662.027848907746	0	0	62.5	59.612161830718875	662.6369953155518	275.9999999999996	509.19304437246564
1841002	91	920.0	1062.0	836.896492070154	1127.6824457765579	360	0	250	105.92627961670536	2178.091049194336	438.0546924225917	973.60518363672
1841002	92	1252.0	113.0	1284.529124702748	-65.42131672108816	0	75	62.5	181.362372653243	1188.141107559204	820.0	839.2819335802241
1841002	93	193.0	301.0	263.0786833954538	344.75408808880013	90	75	0	82.61623382194772	1152.116060256958	643.3176888395486	991.2203723092525
1841002	94	213.0	448.0	295.4652293903791	446.954870408159	0	150	0	82.47185189063953	968.9300060272217	528.0000000000002	809.0953609680109
1841002	95	0.0	1199.0	-54.14959278774553	1188.966227535912	90	150	250	55.07136269368823	1506.4470767974854	1221.5758451780569	1278.4908349256343
1841002	96	1234.0	440.0	1219.4158262116503	440.9165998466991	90	150	0	14.61294906470821	895.859956741333	416.51208360508116	350.4362795780243
1841002	97	1062.0	795.0	1112.1372311234168	775.4549894685297	360	75	0	53.81216759616915	831.7980766296387	109.002849650931	323.18412733846617
1841002	98	875.0	580.0	868.4054113561465	522.3445747567299	0	0	0	58.031342043450515	648.6210823059082	252.9999999999994	143.33857412019967
1841002	99	1399.0	86.0	1428.3723257441045	25.40284611737948	90	0	0	67.3405418621782	1113.070011138916	558.150613526668	843.8169539667269
1841002	100	1335.0	0.0	1281.1648051259376	-111.75175217662199	0	0	125	124.04306639902697	1004.9619674682617	595.0000000000002	718.2177934005523
1841002	101	1025.0	579.0	1031.3955671376582	650.0587302261483	360	75	62.5	71.34596288764222	1150.1049995422363	183.41494016346272	713.2744717674345
1841002	102	1055.0	855.0	1046.3115135448284	880.65045116199	360	150	0	27.082013250409087	1624.5601177215576	288.80978061253427	787.3185884958477
1841002	103	796.0	411.0	801.9170693419519	464.2542284526632	360	0	125	53.581942459059	1061.0201358795166	65.34821100055704	273.04127289008477
1841002	104	1271.0	588.0	1159.8439632845202	592.1012444818588	0	0	125	111.23167131978674	764.7349834442139	0.0	315.70453293343024
1841002	105	0.0	1199.0	197.13053515467286	1365.2945961542673	0	0	250	257.90374289738133	1329.2779922485352	1034.9999999999998	1340.5906692671128
1841002	106	145.0	1199.0	192.492587196883	1449.6181118594566	90	75	250	255.07838761967392	1402.346134185791	970.6024770555018	1073.5684152880724
1841002	107	913.0	394.0	920.600121877688	403.9192778370424	0	0	0	12.496156423642928	767.737865447998	0.0	261.8025737411875
1841002	108	1005.0	430.0	988.3397934918113	444.1872352900568	360	75	0	21.882415910290295	520.5090045928955	66.4601254375035	192.0525634517152
1841002	109	969.0	1199.0	931.3870559666167	1234.3349694841413	0	150	125	51.60710830208977	836.8029594421387	435.0000000000003	636.2452510315045
1841002	110	207.0	972.0	292.6201516061973	921.4071184623277	90	0	62.5	99.4507416933285	1350.2960205078125	669.2748837207128	1335.2777887043962
1841002	111	436.0	1168.0	431.0043973622111	1503.0909024243829	90	75	250	335.12813808049896	1610.5470657348633	1119.770538552274	911.7882266163147
1841002	112	221.0	643.0	184.74250720174783	627.3535900396396	0	150	62.5	39.48944072360324	1018.9790725708008	594.9999999999998	894.5986824196905
1841002	113	896.0	931.0	875.8014378623094	833.9924441140885	360	0	250	99.0880810763252	1106.0619354248047	117.32575603920685	369.37513935344015
1841002	114	477.0	679.0	506.1000617744061	730.528964496876	360	150	62.5	59.17810217804015	926.8889427185059	303.69494752926335	723.9873966875604
1841002	115	709.0	1127.0	689.5233436901473	1189.065444221356	0	0	62.5	65.04966954110057	934.899091720581	495.99999999999994	707.312954785117
1841002	116	1082.0	1181.0	1071.729032821665	1192.0362282732096	0	75	62.5	15.076176613346867	798.7658977508545	406.0000000000001	732.9593689245042
1841002	117	205.0	234.0	213.19488049651358	241.8854055012811	0	0	125	11.372584854454718	1012.9721164703369	630.0000000000002	841.3005606124852
1841002	118	1449.0	1199.0	1660.3913764789606	1544.7164998264882	0	75	250	405.22365713510345	1481.4128875732422	1274.9999999999995	1231.7000205882507
1841002	119	1150.0	0.0	994.2129855412817	-220.57577472191508	360	150	250	270.04308224454473	2097.0139503479004	883.9143586923221	1441.277237036459
1841002	120	501.0	434.0	674.8214206840386	413.03724456514044	90	0	62.5	175.08090530962892	1038.9981269836426	507.2963620677742	747.6085106445556
1841002	121	209.0	55.0	-59.671076849991046	-149.50349657453853	90	150	250	337.6474902127159	2066.9851303100586	1627.0790723574269	2422.6366301876305
1841002	122	856.0	683.0	855.4681681148356	679.6326708983506	360	0	62.5	3.409068851298294	1051.008939743042	96.65416966259612	479.442359584826
1841002	123	37.0	748.0	173.12179716829328	740.9650809922824	0	75	0	136.3034619874753	1201.1539936065674	819.9999999999992	1093.055727212354
1841002	124	932.0	568.0	1077.1137267078411	608.5389347442541	90	75	125	150.66983410502877	732.7041625976562	315.74639612777736	74.39834563766817
1841002	125	974.0	807.0	883.2342620672702	680.5781694781	0	0	0	155.6306474155428	520.5011367797852	170.99999999999994	383.37229692776015
1841002	126	10.0	1199.0	-299.59490803298206	1304.9371844497764	90	150	250	327.218113999052	1946.869134902954	1718.3948921182823	1947.2620205697135
1841002	127	1286.0	1128.0	1219.2774114756853	775.2312351041603	360	150	125	359.0232656883412	1061.0198974609375	354.7648926134869	648.7461078067477
1841002	128	796.0	501.0	773.7508294969507	610.3963419333095	90	150	62.5	111.63594948072654	707.6799869537354	315.2408471820414	384.87447781531745
1841002	129	311.0	788.0	181.240710747229	844.3938051522024	360	75	125	141.4840429409934	1669.605016708374	687.3031594757356	1533.7912740002898
1841002	130	1134.0	1126.0	1158.2409990648132	1165.428112762674	90	0	0	46.28392930258193	871.8340396881104	399.7941079317246	585.1967352604569
1841002	131	1343.0	485.0	1362.3321585825827	508.9414938408403	0	0	0	30.772186838005485	672.6529598236084	276.0000000000008	479.5976939656171
1841002	132	675.0	458.0	826.5136573147031	420.0029492607844	360	150	250	156.20551916547572	1106.058120727539	265.5027974403417	481.6238611008313
1841002	133	935.0	739.0	903.1166184382873	744.1176093390203	90	75	0	32.29148409653212	583.5611820220947	208.1167505780971	199.25171349844203
1841002	134	993.0	661.0	962.703023414452	635.3851614487452	0	75	0	39.67400590099385	535.5141162872314	170.99999999999997	77.20417801994294
1841002	135	674.0	612.0	689.4875242692714	605.1857953152922	360	75	0	16.920307133038783	608.583927154541	192.5982137889677	298.64758887669603
1841002	136	1011.0	344.0	1002.7140504716863	369.3572510707582	360	0	0	26.67671534224613	784.7568988800049	118.28698526957623	286.0090850445618
1841002	137	1136.0	359.0	1201.1168350273902	388.5532808205822	360	0	250	71.50943022598163	1474.4160175323486	195.46690964279358	376.22701557820255
1841002	138	407.0	976.0	434.1041261180297	1014.4329522930614	90	75	62.5	47.02898547260816	1014.9669647216797	488.00251095151725	919.4955310707268
1841002	139	1170.0	0.0	1277.476694081496	-235.48747637600277	0	75	250	258.8543824249957	1098.067045211792	741.0000000000001	734.9589121040714
1841002	140	1006.0	286.0	992.6618449390555	343.4369568296526	0	150	62.5	58.965332105239405	717.6899909973145	325.00000000000034	478.7491096429299
1841002	141	677.0	651.0	687.7138994395096	544.876024661346	90	150	125	106.66342289125716	812.7810955047607	391.26344001183503	299.97905073168096
1841002	142	813.0	0.0	848.3445489247258	-77.67089361478634	0	75	125	85.33466384542564	948.9109516143799	560.9999999999999	682.0029090019987
1841002	143	1021.0	272.0	990.6765450104144	293.4412741123354	360	0	0	37.138122705189694	1296.24605178833	122.45898760459815	605.8951927600987
1841002	144	1223.0	762.0	1209.232618553833	699.624055514887	360	0	125	63.877220057655634	1004.9660205841064	154.80179227339576	405.5719748444907
1841002	145	1446.0	991.0	1441.4619522847076	1061.0937970516925	360	75	250	70.24054571392597	2946.831226348877	1073.5574621396954	1708.3370368290566
1841002	146	897.0	612.0	910.5796085096868	583.3389655197228	0	150	0	31.715306474256153	552.5259971618652	190.00000000000003	99.45485334144772
1841002	147	1098.0	833.0	1131.0556036636212	950.3900264977121	90	75	0	121.95528383264076	616.5919303894043	220.0667458723153	272.33125500915673
1841002	148	910.0	609.0	1109.1092114388794	468.64426426940423	90	0	250	243.60667197818947	889.847993850708	405.3986793823608	296.91543387783133
1841002	149	976.0	541.0	880.7024399476724	700.1891868973772	90	75	250	185.53388417476492	858.8259220123291	319.5297014532595	80.85391012034634
1841002	150	0.0	745.0	-52.50748923705103	779.019460648689	90	150	62.5	62.56484738898297	1430.3650856018066	901.6679151164453	1473.8859898589317
1841002	151	867.0	639.0	928.6649305018861	721.4000543401846	360	150	0	102.91905853177937	912.877082824707	252.0793524596207	504.5441710820938
1841002	152	1080.0	714.0	1079.0848249797132	738.3433430908477	0	150	0	24.360539775556713	624.5999336242676	230.99999999999997	168.36906796258643
1841002	153	1276.0	1086.0	1271.0811629707239	1095.2903687355486	90	0	0	10.512179077766701	920.8939075469971	442.0315222216193	619.1941112416907
1841002	154	1547.0	896.0	1435.316540430263	859.9551226228039	360	75	62.5	117.3559897346623	1071.0299015045166	362.7429851590174	832.4109240766771
1841002	155	1007.0	696.0	1214.8064377814185	727.0353541995084	0	75	250	210.1111819815678	889.8539543151855	465.00000000000017	151.64128246328804
1841002	156	1216.0	0.0	1354.8237573911142	-64.91612446726919	90	75	125	153.25188035400063	1037.0008945465088	597.4258277965178	798.308204039592
1841002	157	963.0	603.0	884.6505098802769	789.6056102982056	0	0	125	202.38650250643292	123.11816215515137	2411.6830170584903	58.027715721352294
1841002	158	0.0	37.0	-339.1310531366639	159.35917735885076	0	0	250	360.5296651948595	1425.3671169281006	1176.0000000000007	1342.1225755109967
1841002	159	692.0	289.0	672.4430966513944	314.14140117026847	90	75	62.5	31.85219806216013	862.8268241882324	412.9269713336007	626.1599012094612
1841002	160	1113.0	756.0	1187.8459485270353	752.1432784247139	360	0	62.5	74.94524876348659	1095.05295753479	95.62631457974983	861.1106724045603
1841002	161	1820.0	1199.0	2181.7854745377463	1031.5137517439646	0	0	250	398.67326589750735	1498.439073562622	1325.0000000000005	1696.1386962596832
1841002	162	1062.0	618.0	1127.472516722576	568.7881605274865	360	0	125	81.90516217099163	1405.3499698638916	280.09547439619865	891.2719491823033
1841002	163	1154.0	140.0	1145.3660242243307	106.55112004700646	360	75	62.5	34.54523277971388	1111.0658645629883	387.3660564573316	631.7130113135094
1841002	164	581.0	493.0	499.2702182000984	422.3648116645003	90	150	0	108.02354865607334	911.8750095367432	486.9201405072389	479.11723984334077
1841002	165	563.0	777.0	498.1431948338035	735.29845543101	90	150	0	77.1065755678816	752.7239322662354	310.51093932425033	508.2859964843369
1841002	166	935.0	679.0	948.3895791442643	547.2236310022839	0	0	250	132.45486875114386	657.6330661773682	252.9999999999999	83.45840509150152
1841002	167	930.0	790.0	921.4359079155354	796.2468109338364	0	0	0	10.600298112519644	751.7220973968506	0.0	217.44130773520146
1841002	168	1006.0	623.0	723.8421995091953	606.6434292667768	0	75	250	282.63149467806954	841.8068885803223	434.9999999999998	68.61126943322706
1841002	169	969.0	591.0	835.8914965038446	686.5779656071234	0	150	250	163.86891472327045	738.7099266052246	350.9999999999998	24.13556291411146
1841002	170	998.0	0.0	1029.3654783308136	-105.95945672300941	0	75	125	110.5042972013127	988.9490604400635	594.9999999999999	670.4897105629307
1841002	171	0.0	1044.0	-66.79789565370169	1324.0191676071884	90	0	250	287.8761766648735	1586.5228176116943	1113.08669485721	1533.9944585334952
1841002	172	925.0	593.0	1008.8021545691033	622.9448777339286	0	0	62.5	88.99155472809663	632.6069831848145	252.99999999999997	77.66515911536821
1841002	173	953.0	810.0	978.7246023469346	735.4641956797932	90	0	125	78.8501191601387	1365.3109073638916	271.08335258421084	695.2626813016475
1841002	174	178.0	751.0	145.52049459876406	678.1176493293192	90	75	125	79.79195016035766	1101.0570526123047	698.9343127410178	821.269193647959
1841002	175	0.0	770.0	-289.2873362900519	499.8913110802473	90	150	250	395.7851270168465	1585.5159759521484	1233.9326233102934	1829.0621206015612
1841002	176	535.0	673.0	556.8876791197706	625.7287640013218	360	150	250	52.09261224101525	1537.4679565429688	493.3290879932736	546.4216297637012
1841002	177	1474.0	747.0	1520.150264146621	759.1537539685728	0	150	62.5	47.72379507469519	886.8401050567627	496.00000000000017	724.2923861719162
1841002	178	210.0	509.0	228.5385592598907	429.203013245002	0	150	125	81.92214154067143	1093.0490493774414	703.0000000000002	777.1055822091804
1841002	179	1173.0	1147.0	1013.4559856493203	1129.6727989653682	360	150	125	160.48216228236845	1732.6641082763672	594.0771005075223	898.0958013200022
1841002	180	1237.0	387.0	1058.1208778790644	495.3938123828476	360	75	250	209.15773687254446	1106.062889099121	152.6488141468583	416.9527331955617
1841002	181	861.0	849.0	692.9712628239238	676.2601214783297	90	0	250	240.9828254226187	977.9388904571533	438.24834066195365	293.45361102890763
1841002	182	944.0	284.0	910.9328194743617	337.9810024007872	0	0	0	63.30392600865244	624.5999336242676	231.0	380.08712816896207
1841002	183	0.0	1199.0	-93.50835029762186	1068.9179996622101	0	0	250	160.2034281383002	1370.3150749206543	1080.9999999999998	1262.0635922708764
1841002	184	573.0	805.0	541.4152549821987	892.899202316831	360	75	250	93.401637489793	1953.8731575012207	426.47527786144366	846.4615493040615
1841002	185	1046.0	778.0	1038.18763743017	784.0833869557171	0	0	62.5	9.9015456255813	1278.2180309295654	0.0	373.0165904753943
1841002	186	1057.0	504.0	1019.3926127406813	532.6521767736123	90	0	0	47.27856607743821	624.5989799499512	215.07113166227876	162.94680220890106
1841002	187	925.0	539.0	842.3522199522693	609.0299715449319	360	75	125	108.32752402506968	821.789026260376	308.16216650484466	110.01268120832604
1841002	188	1344.0	502.0	1308.1237520044795	564.3899793180161	0	0	0	71.96954001199794	608.5848808288574	210.00000000000014	438.5416145879589
1841002	189	929.0	418.0	910.161450786358	374.65431024198745	90	0	0	47.2624561049538	664.6380424499512	158.6618592068936	223.03318074598573
1841002	190	816.0	691.0	940.764672200507	740.8530751507631	90	75	125	134.3560662243711	701.6749382019043	281.96937671837725	203.02211934379392
1841002	191	0.0	1150.0	-108.49174621213955	949.2655941013013	90	150	125	228.17703808153618	1445.3890323638916	1010.7787552561878	1421.6568965793313
1841002	192	830.0	737.0	839.6958790822957	634.6659563997797	90	0	62.5	102.7923467518389	806.7739009857178	279.9796586521978	238.31415601265562
1841002	193	1079.0	859.0	1042.8640402491671	782.0262366626977	0	0	250	85.03392163966589	1114.069938659668	0.0	291.91676505202395
1841002	194	1021.0	952.0	1057.6730717339149	1056.4958243056612	0	0	0	110.74426164691555	688.662052154541	276.00000000000017	375.0890891383029
1841002	195	1199.0	440.0	1166.5177333829095	487.96265093993696	360	0	62.5	57.926794575308506	1150.1049995422363	85.3096447655662	486.3253556875632
1841002	196	0.0	792.0	-293.9293214806862	744.6158427574229	90	0	250	297.72420859528006	1468.4100151062012	1074.828232234494	1028.3307995014052
1841002	197	1158.0	607.0	1149.972319689667	601.5548157633575	360	75	0	9.70018981958017	879.845142364502	63.60373624679849	266.317923885695
1841002	198	1231.0	906.0	1187.5655444097754	895.9078592573205	360	150	62.5	44.59151530492371	1570.5080032348633	463.0996856458561	1180.850087815315
1841002	199	1885.0	669.0	1783.3200575526039	685.4936787267245	0	150	62.5	103.00899054959325	1030.9898853302002	629.9999999999999	1163.6526765339142
1841002	200	1021.0	590.0	995.5148995663654	700.7408981975021	0	150	62.5	113.63554407711511	651.6389846801758	275.99999999999994	85.59182933036014
1841002	201	779.0	0.0	832.7320528197249	-119.46222781509819	90	0	125	130.98991325582335	1269.2179679870605	726.4740433008045	916.2596458568445
1841002	202	366.0	0.0	435.6770027700261	-174.01705312213102	90	75	250	187.44817815152217	1409.3618392944336	1076.7000033779593	1148.244571377035
1841002	203	721.0	240.0	740.5917170190992	285.45316449771724	0	75	0	49.49571232554395	719.6907997131348	300.00000000000006	464.5527766704537
1841002	204	1831.0	347.0	1780.5217647957106	364.22071041877524	90	150	125	53.33483942665313	1381.3250064849854	937.0466831618883	1348.3492168371129
1841002	205	1517.0	234.0	1488.893181240484	185.13307264704642	360	150	62.5	56.373485342837604	1227.1780967712402	480.50521525883835	1059.1225897263926
1841002	206	1085.0	608.0	1056.7506930891973	645.0031972994947	0	0	0	46.55383927589706	600.5728244781494	209.99999999999997	190.75176392769006
1841002	207	778.0	616.0	761.5573903607211	624.910453218534	0	0	125	18.70175361588828	1252.202033996582	0.0	504.44428233310197
1841002	208	836.0	465.0	840.7676648070014	488.58076581974865	360	75	62.5	24.05791230256163	1151.1058807373047	111.956808059071	411.2900811282524
1841002	209	820.0	1199.0	703.1197412621794	1484.5317338123018	0	150	250	308.527739265822	1274.2228507995605	946.0000000000002	774.0409902828821
1841002	210	1356.0	0.0	1212.0032820523998	-24.88884677610512	0	0	125	146.13182224801406	924.88694190979	528.0	850.4447597889739
1841002	211	958.0	399.0	962.5801418378494	400.0166435222757	0	0	0	4.691616278661708	951.9140720367432	0.0	261.2414674576808
1841002	212	1398.0	917.0	1420.8428278429585	928.7286163942244	0	0	62.5	25.67791320154173	776.7448425292969	378.0000000000002	710.0935011852554
1841002	213	489.0	1199.0	431.25162373105115	1440.4574047132637	0	150	250	248.2671006246396	1314.2609596252441	1034.9999999999998	856.5052857122987
1841002	214	994.0	848.0	894.7137472597074	839.6026584354867	90	150	125	99.64073127270981	788.7570858001709	366.68548686774255	279.2191916440953
1841002	215	646.0	1100.0	635.413905352916	1111.0429300448416	0	0	125	15.29744108837439	877.8440952301025	435.0000000000001	604.3956344384826
1841002	216	1188.0	1122.0	1152.4699949946237	1044.5738040238045	360	150	250	85.18918404953936	1066.0240650177002	467.04165073448223	622.0835316820635
1841002	217	965.0	823.0	947.1567478704402	799.5872011796762	0	0	125	29.437064988887677	852.820873260498	0.0	231.49992458251316
1841002	218	1271.0	316.0	1293.0660131375005	351.0646632350282	0	75	0	41.429935355613125	759.7298622131348	325.00000000000006	586.8566784683206
1841002	219	901.0	731.0	906.5925564176775	714.1150953903203	0	0	0	17.786980940083335	576.5531063079834	190.00000000000003	159.4342472608787
1841002	220	1919.0	1199.0	1720.7607660919539	1246.4321594908934	360	150	250	203.83474584677305	1554.4929504394531	878.6268294759147	1215.5885605767644
1841002	221	1164.0	692.0	1149.4552020765404	684.0147773048391	360	0	0	16.592616675063237	880.8529376983643	58.36469998377258	649.5893840361842
1841002	222	974.0	816.0	985.2881502691012	747.83265361244	360	0	250	69.0956543497447	1106.0640811920166	83.10168831049037	248.6025109807096
1841002	223	1055.0	566.0	960.737692149535	506.3834373149165	0	75	62.5	111.53258370395774	622.5981712341309	253.0	190.38819023228342
