user_id	turn	x_curs	y_cursl	x_targ	y_targ	angle	min_tim	lag	dist	elapsed	targ_dist_trvl	mouse_dist_trvl
1842704	1	1370.0	582.0	1381.9665382130859	578.8376704386089	90	150	0	12.377332711860504	1463.9978408813477	575.6662118958382	1001.7557608518229
1842704	2	1032.0	1048.0	1013.2038150610073	1039.3901402486242	90	150	0	20.67428966613309	1064.3799304962158	271.7836842597415	672.7205842986053
1842704	3	1102.0	483.0	1079.0153921329097	484.67515063639627	90	150	0	23.045570690666953	616.0459518432617	111.53350369940405	208.72606784010497
1842704	4	1.0	0.0	196.81186470856238	-98.93733321283095	0	75	250	219.3875161988737	1466.2940502166748	861.0	1187.2657105219107
1842704	5	402.0	645.0	370.56377818759717	626.7834647114579	0	0	0	36.33288042197166	871.9990253448486	434.9999999999999	609.3631334310464
1842704	6	1919.0	365.0	1789.9634678095676	265.6053233156763	0	0	250	162.87949039984662	1371.2060451507568	1081.000000000001	1330.625802330328
1842704	7	861.0	791.0	872.428704496667	779.8089769835419	0	0	125	15.995445683913639	1659.0638160705566	0.0	238.8572028841809
1842704	8	833.0	1166.0	923.3149608398634	1082.7755311726048	0	150	0	122.81329066150833	744.1840171813965	325.0000000000003	609.227577393611
1842704	9	1828.0	18.0	1833.704287400442	110.54105542494223	0	75	125	92.71669662962043	1317.411184310913	990.0	1392.9096800489315
1842704	10	1493.0	812.0	1638.1979839026155	807.6840022969603	0	75	62.5	145.26211607145493	1186.413049697876	820.0000000000006	1173.9461886290817
1842704	11	1834.0	571.0	1899.6720446367183	447.4822077193681	90	0	125	139.8908948311092	1485.2941036224365	883.6531167636748	1150.9049265112333
1842704	12	709.0	208.0	664.5579528126021	146.64228460977802	0	150	62.5	75.76189540999077	1128.1671524047852	741.0	783.7293501284265
1842704	13	756.0	541.0	771.252487124654	532.2592094985536	360	0	125	17.579527356499405	2046.1349487304688	323.12722600194064	942.3374332072746
1842704	14	993.0	125.0	982.7370164189729	-51.151609803340804	0	0	62.5	176.45032861486223	1183.316946029663	820.0	1206.2771513784062
1842704	15	1821.0	364.0	1710.6500283168455	320.54547285518174	0	0	62.5	118.59769044906716	1230.842113494873	861.0	1559.3191649392543
1842704	16	477.0	918.0	422.9967923271386	948.456925432493	360	0	250	61.99976407824979	2026.4239311218262	484.0812203055712	776.9321728103172
1842704	17	1074.0	135.0	1125.3537079593627	142.55733032526106	360	150	0	51.906806517263476	1135.7178688049316	452.09522002254533	848.3376268021935
1842704	18	1816.0	992.0	1758.8609435321505	1095.7294179933967	360	150	250	118.42577393154293	2721.4488983154297	976.9794844709136	1972.5159051254614
1842704	19	230.0	694.0	276.4314041759356	659.2065444034531	90	75	62.5	58.021201694707855	1119.8079586029053	657.2445401579379	992.3903048176819
1842704	20	431.0	888.0	370.9458029767074	947.6456085375507	90	0	0	84.64103731599225	1239.758014678955	651.8681925450342	727.5031851801845
1842704	21	408.0	194.0	484.16994099531166	210.67543351553076	360	0	250	77.97390585420321	4250.10085105896	725.8788694875103	1433.0657453370022
1842704	22	784.0	514.0	780.6686938616286	511.45462949026796	0	0	62.5	4.192435046528955	1227.5829315185547	0.0	386.0720565822154
1842704	23	768.0	641.0	763.9513416905354	639.5591149428142	0	0	125	4.297415950873052	1821.260929107666	0.0	305.80470919896834
1842704	24	785.0	928.0	724.744825982716	1016.4230904779383	0	0	0	107.00153702411406	1048.0740070343018	629.9999999999999	458.41647682999786
1842704	25	715.0	1112.0	752.4251900348357	1129.9804423862024	90	75	0	41.520370392701366	1023.98681640625	543.4264225424331	641.6343317021792
1842704	26	848.0	337.0	816.8738489035585	327.9531389512053	360	75	62.5	32.41424034147192	1379.892110824585	206.9638895267405	1407.403652176649
1842704	27	250.0	1197.0	376.9338167316531	1180.1593183947143	0	150	250	128.04609477448153	1411.0498428344727	989.9999999999994	1178.9033686799266
1842704	28	957.0	1.0	1076.6910135596074	-16.48150578989048	90	150	62.5	120.96091009746952	926.4721870422363	436.04170811109805	1560.9291330082065
1842704	29	980.0	544.0	992.5576448745562	560.3288394005057	360	150	0	20.599161171343226	1295.910120010376	204.1471032118566	778.3016239539153
1842704	30	1255.0	0.0	1089.994831147081	-186.28582382634562	90	75	250	248.8556085501	1251.051902770996	660.2589208628639	812.2485214651334
1842704	31	1108.0	384.0	1112.0341686881104	410.0239038415368	360	75	0	26.334731594563205	1175.9989261627197	265.7658164830477	744.141499142182
1842704	32	431.0	670.0	387.08221335685937	738.8923391519065	0	0	62.5	81.7002226279325	1099.1170406341553	702.9999999999999	1019.1989510423089
1842704	33	478.0	795.0	489.75625247474676	779.4901467429355	360	75	125	19.46188635013737	2781.6219329833984	415.45381780124325	1377.127601501636
1842704	34	831.0	809.0	883.98569695994	887.9893186790586	360	75	62.5	95.114649490562	1044.0189838409424	228.82367871212082	858.4544346870418
1842704	35	1750.0	847.0	2003.7126953579173	942.3858878335353	0	0	125	271.05091658869395	1380.7029724121094	1080.9999999999993	1352.4670866996123
1842704	36	834.0	1041.0	854.4318738299235	1079.4775487476668	360	150	125	43.565849306893874	1198.0409622192383	464.93733320948047	708.7844626891152
1842704	37	1443.0	773.0	1381.645715051346	901.6274259705882	0	0	125	142.51092236519898	1045.2728271484375	665.9999999999995	901.4768839532686
1842704	38	1044.0	537.0	1047.9514582556503	530.433494967832	360	150	0	7.6637465174440145	935.8651638031006	309.6969733205592	827.8122956968971
1842704	39	768.0	703.0	675.5818883841641	748.2940663589275	360	75	250	102.9206480836767	1649.8138904571533	538.5640597951452	559.8800058960978
1842704	40	1205.0	536.0	1184.4538740815203	539.6491736772593	360	75	125	20.86767257709457	1324.8069286346436	414.1684264083304	953.410022966581
1842704	41	871.0	302.0	817.146026757001	247.4609232236533	360	150	125	76.6469916544276	1397.0229625701904	285.4033282047991	830.8656369662779
1842704	42	1444.0	843.0	1435.4085822447018	893.3732493225879	0	150	0	51.10065269995728	799.9999523162842	377.9999999999999	699.5290037518891
1842704	43	39.0	694.0	186.91445940470794	552.1626752708277	90	150	62.5	204.93051014262292	1189.1329288482666	636.0801432639289	1855.1913666735431
1842704	44	888.0	218.0	888.2632527039609	274.36084555351465	360	75	62.5	56.36146035628668	847.8960990905762	190.20632129568534	608.9325374865014
1842704	45	654.0	132.0	494.3558640687191	67.14896683509403	360	150	250	172.31339657670566	1562.4139308929443	755.406138843705	1127.3729629990562
1842704	46	1536.0	667.0	1621.6114429998672	667.0125198021616	0	0	0	85.61144391531404	896.1019515991211	464.99999999999994	693.5477055805374
1842704	47	177.0	0.0	75.3622770924033	-60.41678163603751	360	150	250	118.23880167313116	2258.4798336029053	1129.7765795605926	2033.0532201440653
1842704	48	977.0	656.0	922.1651366867346	610.7327594194596	360	75	125	71.10545200166453	1244.9369430541992	209.65991108614725	458.5252577353473
1842704	49	1148.0	860.0	1110.9142834619875	805.8522509771328	360	150	0	65.63024527899641	1601.0301113128662	293.98317321984234	778.9349715986033
1842704	50	1356.0	872.0	1420.9985926915774	870.8647986308749	90	150	0	65.00850508998067	808.9919090270996	371.65549998700317	512.6290952607039
1842704	51	1283.0	393.0	1225.2088688240851	142.39120081072974	0	150	250	257.18589594625865	1074.038028717041	703.0	561.4742858136487
1842704	52	770.0	665.0	769.321642156126	660.3470285098078	0	0	125	4.702160466518172	1493.2749271392822	0.0	757.324908705873
1842704	53	1543.0	653.0	1723.1130523602353	687.2203096415072	0	0	125	183.33505181083487	1125.2830028533936	741.0000000000002	770.6286223618347
1842704	54	1165.0	0.0	1032.4486954534827	-206.60217047366507	0	0	250	245.46752367963654	1138.0980014801025	741.0	692.8912013295503
1842704	55	597.0	201.0	549.8267281783122	154.6272503440315	0	0	0	66.14944810818884	848.9589691162109	405.9999999999999	668.0425831824308
1842704	56	986.0	400.0	984.4150806419409	401.4958342068169	0	0	0	2.1793323165212652	1095.824956893921	0.0	555.189622560159
1842704	57	1280.0	674.0	1299.89916408929	673.1716972440539	360	0	62.5	19.916395680644566	1313.3049011230469	154.93361206539893	946.8905534743677
1842704	58	1096.0	306.0	1041.6026072370564	288.5198238269344	360	0	62.5	57.13696612918258	959.0671062469482	128.0415935502978	559.9809913906009
1842704	59	949.0	648.0	890.5485146369466	610.2711836289975	90	0	0	69.57039403297979	624.5920658111572	200.96953212266754	53.303573927031216
1842704	60	1501.0	763.0	1392.0493368872908	691.5680767859022	90	150	125	130.2795711029316	868.596076965332	420.26252683051507	995.0768155571365
1842704	61	1716.0	854.0	1718.9990356273488	800.3789867167483	0	0	125	53.70481617338212	1029.676914215088	630.0	863.7206406809106
1842704	62	747.0	771.0	809.2987187787552	797.4386639195676	360	75	0	67.67668218320303	775.6459712982178	177.33019428947722	553.226033493465
1842704	63	873.0	940.0	927.5100956474726	1009.6131220203964	0	0	0	88.41570722967276	847.9979038238525	405.9999999999999	382.49409031498305
1842704	64	461.0	501.0	456.07279221814196	445.62983456140296	0	75	62.5	55.58896110940741	789.0100479125977	406.0000000000001	733.533591381551
1842704	65	691.0	966.0	821.6329106814137	982.1209164025333	360	150	125	131.623862953325	1181.4470291137695	301.9600981682739	968.784225278731
1842704	66	1038.0	1169.0	1117.0186215976337	1020.0072983779795	90	0	125	168.6498375208777	885.368824005127	282.7355489747719	622.9338578766061
1842704	67	1391.0	473.0	1390.3633389367617	503.8034660513219	0	0	62.5	30.810044759532303	805.6039810180664	350.99999999999994	628.2746111245384
1842704	68	1020.0	1177.0	979.5810235823519	1014.8944500230417	90	75	62.5	167.06855774795721	863.1069660186768	336.74189430819695	734.5710165399241
1842704	69	964.0	808.0	703.6293526497863	788.6494554429048	0	75	250	261.08871591132674	882.2460174560547	465.0000000000003	235.6135026888321
1842704	70	1101.0	672.0	1132.961993616934	697.5077824437582	360	150	62.5	40.89273775582932	1450.9921073913574	262.7725841396514	1227.8590114072065
1842704	71	41.0	675.0	136.48644842212184	646.9338360004364	0	0	125	99.52573232044533	1213.3839130401611	861.0000000000001	1129.6722670075378
1842704	72	345.0	652.0	433.7401783257998	703.6772075119993	0	0	62.5	102.69056931156328	762.2029781341553	350.9999999999998	990.6253631084211
1842704	73	832.0	881.0	606.4719465133396	990.7195427395282	0	0	250	250.8012778445379	1010.5409622192383	594.9999999999999	338.01988441177747
1842704	74	950.0	866.0	947.2851954584938	851.3098733161871	360	0	0	14.938874980568439	688.0018711090088	92.69223700096117	660.5001187415826
1842704	75	1919.0	319.0	1637.451062622151	426.60681050625993	0	150	125	301.4117280497327	917.1299934387207	527.9999999999998	1285.5753719097415
1842704	76	183.0	1135.0	160.48968835674867	1189.9573898997676	0	0	250	59.38879384927237	1314.121961593628	902.9999999999998	982.1417176796494
1842704	77	1330.0	420.0	1142.8444003299685	518.9572627068028	0	0	250	211.70677440807668	1090.5849933624268	0.0	461.4376099750846
1842704	78	1235.0	0.0	1217.8778089063765	-115.25131368702087	0	150	125	116.51624236316002	965.811014175415	561.0	683.0020453151839
1842704	79	395.0	46.0	294.58478590276394	-93.88340315109158	90	0	125	172.1934426722591	1287.4960899353027	802.3434547873619	1283.6662413494892
1842704	80	654.0	359.0	744.6020545559603	446.31308396069494	360	75	62.5	125.82649530400413	1758.612871170044	209.47304712267538	1246.5785509417244
1842704	81	1425.0	1193.0	1542.4812591214877	1233.2027537921936	0	0	125	124.16967285632137	1253.199815750122	946.0000000000001	1133.9335984509837
1842704	82	1010.0	168.0	1102.114330788406	207.0329226242514	0	150	62.5	100.04308564406982	1008.9778900146484	595.0000000000001	1014.0304386185597
1842704	83	1063.0	773.0	1061.2035610480523	772.5046064057223	0	0	0	1.8634934186431804	1168.0870056152344	0.0	220.4179863436637
1842704	84	722.0	513.0	623.6829477345676	517.3439975085305	90	75	0	98.41297211505139	824.0017890930176	365.3454208830625	517.0077949172031
1842704	85	1409.0	409.0	1433.1977090402731	403.07877360788757	0	75	0	24.911644762728233	823.8699436187744	378.00000000000006	620.0657025485585
1842704	86	1344.0	256.0	1344.1612716878765	286.2155401822381	0	75	62.5	30.2159705629615	911.8731021881104	495.99999999999983	950.0866235672247
1842704	87	1326.0	1023.0	1199.9442040870708	1082.1177938757917	90	150	62.5	139.2299437476818	949.1679668426514	514.3046422133991	901.4449053075451
1842704	88	1280.0	854.0	1264.0776011543753	830.9917251950952	360	0	250	27.980412693474808	1353.9600372314453	196.9191599818943	520.3058988788747
1842704	89	900.0	441.0	889.26369456768	480.86270071445045	360	0	250	41.28320678660893	1226.3460159301758	150.67389533544423	272.0914586866806
1842704	90	825.0	40.0	852.8720838482039	-12.152103448951461	0	150	62.5	59.13285848148597	855.2520275115967	464.99999999999994	747.3400741751208
1842704	91	976.0	806.0	986.3761609737991	798.2531163242693	0	0	62.5	12.94908966837028	1251.30295753479	0.0	523.0189002841034
1842704	92	1632.0	310.0	1534.8642980917143	346.19628817369033	90	75	0	103.66058008118694	896.8980312347412	433.23724251751287	779.0600573739708
1842704	93	976.0	375.0	961.3725539865785	400.0047098165711	0	0	125	28.968909021336785	989.9489879608154	0.0	251.0881011808764
1842704	94	1014.0	1199.0	1066.6565574877839	1325.9978745837418	90	0	250	137.48153765234116	1275.2270698547363	667.542854519957	992.264307899979
1842704	95	773.0	587.0	760.2962678371647	580.7002352962643	0	0	0	14.179980472041937	752.0029544830322	325.0000000000001	370.51834586334115
1842704	96	856.0	370.0	872.892345284733	392.8737244640562	360	150	62.5	28.435164850519204	704.0798664093018	67.55427077464701	341.01398567948047
1842704	97	1137.0	758.0	1141.6888817093422	722.8141536775087	360	0	62.5	35.49689272477495	735.0540161132812	81.6443166926041	337.9674851633362
1842704	98	1065.0	287.0	1027.2715624648135	359.12683449747675	360	75	0	81.3984966290709	687.730073928833	159.34494131429534	436.2299890597461
1842704	99	678.0	1010.0	766.9694857724229	1063.3364878244852	90	0	62.5	103.73210849134811	1398.7970352172852	501.4313324510471	932.9672342044427
1842704	100	738.0	709.0	759.4210706671402	697.7434430386415	360	0	0	24.198602090842357	719.8460102081299	108.74711243342357	281.71875661674375
1842704	101	869.0	837.0	850.9149675888581	797.187867378753	360	150	62.5	43.727271823929414	712.026834487915	113.21762534003103	343.5377311191347
1842704	102	1012.0	0.0	1013.0238554244581	-127.6558742882971	0	0	125	127.65998010433694	984.1020107269287	560.9999999999999	722.7810696741547
1842704	103	379.0	555.0	438.3350485689011	545.3960803358359	90	0	62.5	60.10726463240169	848.1848239898682	369.3643828481481	799.5627285709503
1842704	104	1004.0	409.0	1250.4508558047667	419.1212397788827	0	0	250	246.65859770452667	842.2551155090332	435.00000000000017	297.3735938391544
1842704	105	1145.0	714.0	1134.8915174820706	697.0203953445798	0	0	250	19.76077916150197	1449.4929313659668	0.0	368.76102912780686
1842704	106	1084.0	317.0	1121.3345785399042	232.2790384095411	0	150	62.5	92.58246101483957	776.453971862793	378.0	450.3522940456382
1842704	107	519.0	542.0	488.80592677224774	486.5040241874343	90	75	0	63.17820343656301	943.6979293823242	465.29180834940945	726.7386930634756
1842704	108	873.0	640.0	963.3923988135559	618.1995359684074	0	0	125	92.98411689778911	549.2169857025146	190.00000000000014	98.28581489587617
1842704	109	1082.0	1018.0	1027.7021712637074	1010.9241253603009	90	150	0	54.75693752751787	776.0219573974609	320.44082128017664	518.3458748317607
1842704	110	859.0	753.0	866.3316784392871	764.370525616525	90	0	62.5	13.529314895188104	1463.3219242095947	333.7060590068818	923.1862479088421
1842704	111	1225.0	1190.0	1418.3446067440766	1333.158708816655	0	0	250	240.57546189724638	1265.9099102020264	946.0000000000005	834.7827261866665
1842704	112	1268.0	21.0	1415.0369434104857	61.65859293985199	360	75	250	152.55485540403808	1962.0659351348877	741.4391682815441	1572.9528536068037
1842704	113	1063.0	142.0	1080.543025461237	212.73396385095154	360	0	62.5	72.87696058701493	1112.2689247131348	231.0056956012525	772.5960465611096
1842704	114	788.0	1114.0	862.6874487943197	1164.0713957903267	90	150	0	89.91862812451978	856.2841415405273	400.5946392166808	651.6686282747567
1842704	115	946.0	844.0	967.6220260050459	833.8625157514329	360	0	125	23.88054847470693	1588.649034500122	101.29796579959668	744.9788979895092
1842704	116	591.0	130.0	671.7640738803523	236.1206869899028	90	75	125	133.35829871800226	1093.0118560791016	658.0248975472686	1439.9464064356994
1842704	117	1095.0	548.0	1126.1049245373847	597.8908589250918	0	150	0	58.792976916973785	656.0618877410889	252.99999999999994	277.8687975927379
1842704	118	1031.0	535.0	979.3822441358518	615.426404267141	0	150	125	95.56568015659391	581.9449424743652	209.99999999999994	120.64767639743776
1842704	119	749.0	795.0	823.350874092888	679.1580513130607	360	75	250	137.64958973409244	1233.9279651641846	118.83618952164815	387.97564074615724
1842704	120	715.0	571.0	755.6869930385651	603.7961172814391	360	0	250	52.25913041046661	1026.6430377960205	54.34610955768432	269.6357988978054
1842704	121	1616.0	0.0	1547.2805778683462	43.18097968659478	90	0	250	81.16006397731917	1306.588888168335	686.7563122996353	924.6801417073322
1842704	122	1167.0	626.0	1158.132842296064	627.2649372580071	0	0	125	8.956927598968706	1554.9650192260742	0.0	347.0589645239332
1842704	123	1294.0	41.0	1158.960951808774	192.82790701481716	90	0	125	203.1926619858409	1006.2150955200195	332.16338719681454	869.7276513728252
1842704	124	491.0	522.0	377.0285359942238	562.8130757886845	90	0	0	121.05867074667907	976.0048389434814	455.86661777302504	703.038697981333
1842704	125	571.0	1055.0	595.4992340793071	1082.194904968808	0	150	62.5	36.60294150386256	838.9449119567871	435.00000000000017	791.8506116921659
1842704	126	502.0	923.0	505.90706672200804	953.4442563281464	0	0	0	30.693939365029422	863.8780117034912	435.00000000000017	570.3624848943326
1842704	127	835.0	0.0	777.2101674022308	-107.73319738141213	0	150	125	122.25427014914649	972.8970527648926	561.0	643.6577120241087
1842704	128	756.0	321.0	845.8320302721196	372.6136112123206	0	0	125	103.60385381436156	829.1468620300293	324.99999999999994	471.02051082763813
1842704	129	620.0	881.0	546.9706348289574	902.6978824115624	0	0	62.5	76.18455406728772	883.2590579986572	464.9999999999999	956.5811474746204
1842704	130	856.0	405.0	838.7269724779236	388.6988150718608	90	150	125	23.750497044057873	885.1790428161621	435.8700123555192	641.7780086398527
1842704	131	845.0	771.0	850.508689632283	767.3668215446546	0	0	250	6.598912573538768	1730.5281162261963	0.0	414.55440028274603
1842704	132	858.0	560.0	877.506710397619	871.8664320607126	0	150	250	312.4758921850062	866.3849830627441	464.99999999999983	154.4231208946847
1842704	133	992.0	1005.0	977.8863085749222	1073.174982404341	0	150	0	69.6205753457592	679.7590255737305	276.00000000000006	457.71741899464604
1842704	134	981.0	617.0	921.7384669070806	729.6597288839009	0	150	250	127.29549802218948	690.4599666595459	300.00000000000006	64.84766375974297
1842704	135	1039.0	714.0	1139.612487694844	567.4952876438236	0	75	125	177.72592220244945	740.4618263244629	324.9999999999999	328.1338027524908
1842704	136	442.0	975.0	522.4100920253579	949.7165729892465	90	150	125	84.29136717917577	813.0710124969482	368.37697100633187	746.466146353958
1842704	137	962.0	708.0	943.5892141864448	732.5019923892957	0	0	62.5	30.648077677363514	591.0720825195312	230.99999999999986	159.51049664785992
1842704	138	984.0	654.0	909.7941412149523	508.79268951118314	0	0	250	163.06953270743773	690.4661655426025	299.99999999999994	91.51312857072004
1842704	139	1691.0	616.0	1578.4909761737995	723.2132555729569	90	0	250	155.4122344375652	1129.209041595459	498.719712429335	825.467867347795
1842704	140	552.0	950.0	584.5716680970229	925.0654085563823	0	75	0	41.020085483610984	704.0059566497803	300.0	747.8045889933434
1842704	141	1127.0	150.0	1013.5110113349036	163.32984310910942	0	75	62.5	114.26913522705878	799.5591163635254	406.0000000000001	830.0441099223211
1842704	142	993.0	493.0	1048.7721220741955	573.443882921739	0	75	125	97.88640304038873	589.210033416748	209.9999999999998	144.14408004879257
1842704	143	668.0	115.0	827.1194658135123	230.43024407431403	360	75	250	196.57859916031862	1730.842113494873	661.4059183182385	1387.5272879616878
1842704	144	1010.0	441.0	972.8033135218403	478.5037107602293	90	0	0	52.821603589264924	503.371000289917	98.67551150868397	196.98217269727198
1842704	145	640.0	719.0	623.9221606322475	772.4640019160295	0	150	0	55.82917176183483	920.457124710083	496.00000000000006	531.7670647553464
1842704	146	1919.0	263.0	2024.614217794095	313.8592920484063	0	75	250	117.22214205483382	1315.2859210968018	903.0000000000002	1108.1572197287733
1842704	147	1070.0	584.0	1083.2444671644685	570.2684703547535	90	75	0	19.078019207165262	472.3811149597168	132.81330919188238	170.16733495435125
1842704	148	912.0	807.0	952.7464484895099	773.9098373510496	360	75	125	52.49030318680085	973.2010364532471	76.89702758689322	345.37793494809694
1842704	149	1083.0	530.0	916.5908266926648	235.63780829625298	90	150	250	338.14362756891376	954.1189670562744	542.2795018409408	416.91254595701537
1842704	150	879.0	227.0	740.726430165903	213.29224649189416	360	150	125	138.9513678266748	2444.7309970855713	605.687065329507	1769.5186523674781
1842704	151	1052.0	508.0	1014.4121128199071	707.3882841745375	90	150	250	202.90031327903245	762.1839046478271	325.55085841316475	226.84459184521654
1842704	152	1569.0	356.0	1479.8437261371253	400.81360216218	90	150	62.5	99.78526999443389	810.3699684143066	361.12383991368716	969.7143812616513
1842704	153	962.0	817.0	910.350642247307	837.6830666305699	0	0	0	55.636727092005216	743.3249950408936	324.99999999999994	310.37168027968914
1842704	154	917.0	434.0	953.4314947193726	449.4073882185813	90	75	125	39.55554852616446	669.4591045379639	253.76951600346328	260.2979939967337
1842704	155	768.0	649.0	765.5623170947556	646.8400199235612	0	0	250	3.256963597759964	1594.0659046173096	0.0	328.37379595014795
1842704	156	564.0	270.0	528.9692929695865	273.6153450994111	360	75	0	35.216773776689124	1159.7309112548828	378.36448358648886	891.2080112646248
1842704	157	932.0	589.0	911.9302434948005	614.6668392668599	90	150	0	32.5819238862413	512.0038986206055	150.20984742977296	101.5648630628824
1842704	158	777.0	677.0	775.8024419587915	677.9182880436656	0	0	62.5	1.5091050968048199	1525.7079601287842	0.0	357.5758016719593
1842704	159	1062.0	1053.0	1026.8946465478423	1065.703531785637	0	0	0	37.3331697131333	841.0260677337646	406.0000000000004	478.4392120500329
1842704	160	1066.0	1092.0	1071.2618229692255	1236.7304392979663	90	75	125	144.8260571870331	1118.1669235229492	684.4020443692202	699.9818726176765
1842704	161	759.0	586.0	760.6419378705177	583.9886582705416	0	0	0	2.596431305330659	1119.823932647705	0.0	233.9592524351166
1842704	162	963.0	328.0	973.7349193238314	356.3461638227097	360	0	62.5	30.310781849913795	1304.6810626983643	132.45166287022138	548.2357496364357
1842704	163	1513.0	829.0	1582.1930831601462	795.2623713905607	360	150	62.5	76.97993466738828	1112.044095993042	476.2264085757039	959.6981100604862
1842704	164	1193.0	744.0	1190.16156417354	776.6269513640748	360	0	125	32.75018585068843	1269.5319652557373	121.6696746859657	435.8404636310277
1842704	165	489.0	944.0	552.6047450332867	918.3261571460898	90	0	62.5	68.59088713259716	1179.6619892120361	512.6365901173195	1102.2851327360409
1842704	166	1075.0	227.0	1123.9128794863814	130.91249529982417	360	150	0	107.82058402343951	1161.025047302246	457.4142058176755	839.7505152969385
1842704	167	766.0	543.0	769.5631655191673	538.8950732516605	0	0	0	5.435675866552026	895.6239223480225	0.0	263.63946290809315
1842704	168	1592.0	614.0	1550.8295949720982	606.7002797519812	360	150	125	41.812535989351524	1229.9399375915527	412.2230500955614	959.6730594897298
1842704	169	572.0	954.0	605.0462988470028	927.2298616996559	90	75	62.5	42.52879227188297	796.0569858551025	364.75309194721007	712.1734058564411
1842704	170	1206.0	594.0	1174.017456050735	642.6654854133174	360	75	0	58.234118761946306	1144.7720527648926	163.45245182855766	393.97748552892125
1842704	171	1063.0	506.0	1085.764067703972	501.50564926139344	90	0	62.5	23.203490405381498	1250.4699230194092	397.6014394083137	1269.2623746415356
1842704	172	198.0	500.0	154.80286223619183	609.4582823630788	0	75	125	117.67373661467923	1212.965965270996	861.0	988.4642288883524
1842704	173	880.0	407.0	886.5697300380535	413.96775695241524	0	0	62.5	9.576585493840373	914.945125579834	0.0	278.2805471274817
1842704	174	472.0	16.0	240.32396540071824	-187.1920506499135	90	150	250	308.1570937930273	1339.0240669250488	913.2518244654613	872.6159768561142
1842704	175	1668.0	1147.0	1464.7055814783998	1048.1955412800326	0	75	125	226.03305436369538	916.9430732727051	495.9999999999998	946.0236969749666
1842704	176	1792.0	480.0	1981.1061650537722	507.86111438424	90	150	250	191.14754342150525	1289.8340225219727	948.7669505709603	1260.3252766389028
1842704	177	595.0	892.0	727.2502476401918	858.3872897433231	360	75	125	136.4549093718924	844.7458744049072	166.30002320573763	499.82778717691406
1842704	178	1074.0	901.0	1100.9617696736714	937.7568304112339	0	0	0	45.585102893558464	689.0120506286621	276.0	393.57180926422205
1842704	179	1067.0	646.0	995.5623413710832	713.5524133483833	0	75	62.5	98.3192128709973	566.6470527648926	209.99999999999991	193.5937385543196
1842704	180	1166.0	554.0	1178.0942001675564	524.3972889701669	360	0	0	31.97796394407759	912.0368957519531	61.738447287614534	232.17546239295058
1842704	181	1211.0	551.0	1187.6998026364881	542.7065617047496	360	0	0	24.732171678518892	696.1669921875	71.13123181111317	285.74359363456733
1842704	182	1025.0	697.0	1120.4119794051758	578.0884973503033	90	75	250	152.45783442126714	809.8208904266357	364.10293340365536	239.23284952311798
1842704	183	48.0	738.0	335.5629351639574	862.1165257592029	90	0	250	313.20497066082015	1225.928783416748	530.0620966884447	1013.7576466488503
1842704	184	846.0	376.0	744.0577049203225	346.1135565967489	90	150	0	106.2329093332559	880.3679943084717	409.97530655034035	492.49823998996266
1842704	185	922.0	296.0	655.1570371423848	173.4680868242785	0	0	250	293.6311233046204	1066.4691925048828	666.0000000000005	376.5596195509095
1842704	186	507.0	833.0	510.7273732618845	742.9808557641124	0	0	250	90.09627983660002	1034.2130661010742	630.0000000000005	556.2753554486958
1842704	187	732.0	552.0	751.5150184051853	536.7418676341242	360	0	0	24.771890251842038	968.4231281280518	42.31143525158661	327.21390896580266
1842704	188	780.0	705.0	802.1973976400706	668.2660811196729	360	0	125	42.919753707329946	1249.6609687805176	82.61906674722461	590.4767769893466
1842704	189	666.0	0.0	846.7231368343839	172.13606066164368	360	150	250	249.5830033623454	1274.1289138793945	455.1725383049192	811.5678672812232
1842704	190	1145.0	834.0	1132.6304039609643	887.4682065861324	0	75	0	54.88037920519737	728.003978729248	300.0000000000001	441.0665758060507
1842704	191	267.0	20.0	268.2658131112023	-102.90414628684911	0	0	250	122.91066453864651	1234.062910079956	902.9999999999999	1016.1791322274377
1842704	192	1873.0	1199.0	2023.2444935838978	1225.2778510338671	0	150	250	152.52518909098265	1473.9580154418945	1225.0000000000007	1557.3443607452568
1842704	193	1466.0	0.0	1364.4767572732303	161.0107945179374	0	0	62.5	190.34559297513576	912.2109413146973	405.99999999999966	1143.0802077651165
1842704	194	85.0	697.0	-80.34787147531733	595.106233486091	90	75	125	194.22218785661195	1381.2479972839355	928.1550408784547	1147.12048231345
1842704	195	1166.0	529.0	1150.9360780018226	540.4734167175544	0	0	62.5	18.93570799156532	853.8830280303955	0.0	368.8258018040203
1842704	196	835.0	758.0	820.8771632461521	808.8744518176497	360	75	62.5	52.798336770415425	1384.1710090637207	136.67252213477994	468.91447143719705
1842704	197	948.0	517.0	876.8043790658987	525.466429740534	90	150	125	71.69725847439103	661.5099906921387	242.51410109478027	128.57470054264618
1842704	198	734.0	957.0	717.7946581083196	902.3033556608734	0	75	0	57.046787883167966	928.0040264129639	495.9999999999999	606.8541631672648
1842704	199	1066.0	428.0	1060.8238705724104	427.2732009131246	0	0	250	5.226906615182783	1586.4801406860352	0.0	323.0175538483938
1842704	200	1499.0	1199.0	1438.3141527628031	1454.97601283113	0	75	250	263.0712663895835	1162.0550155639648	779.9999999999998	898.5758814685365
1842704	201	438.0	1192.0	407.1650270552872	1024.3053970447413	90	75	250	170.50593953532243	1217.3380851745605	660.3538548473864	945.7003902727017
1842704	202	505.0	355.0	503.0628551269107	349.4209167589962	0	75	0	5.9058191700546985	839.9338722229004	406.0	567.8385396207452
1842704	203	1746.0	617.0	1902.36117046643	655.3714445737147	90	75	125	161.0005695278921	1197.0250606536865	758.4318343426673	956.6999143649164
1842704	204	1223.0	225.0	1225.4192335510993	211.44918570655102	90	150	62.5	13.765073882486272	772.3679542541504	331.7185147384631	655.4100956016372
1842704	205	1727.0	341.0	1854.9635524100277	428.3512326660848	90	75	250	154.9351754563126	1330.259084701538	768.5471601926616	844.4278646112723
1842704	206	1105.0	610.0	1002.0678980164231	448.80265256950065	90	150	125	191.25794738359656	773.0581760406494	327.60293720692596	224.2690097447126
1842704	207	1043.0	575.0	963.6092834308159	513.1591262162493	90	150	250	100.63388866433762	633.436918258667	225.97713545628864	102.41645436399284
1842704	208	992.0	489.0	964.0857875760025	548.9286810188777	0	0	125	66.11089217303338	533.8521003723145	153.00000000000006	144.81727672634224
1842704	209	1194.0	803.0	1139.536647085099	837.279538192348	360	75	250	64.35327147405714	2034.1148376464844	360.428194338549	1192.4695369015415
1842704	210	859.0	388.0	858.4431063630332	315.6185254154785	360	0	125	72.3836168863689	1101.3810634613037	120.3443829991681	350.46750223270567
1842704	211	873.0	504.0	970.2072893166162	540.7776217201188	0	0	62.5	103.93195156289752	543.0741310119629	171.00000000000003	208.350190145828
1842704	212	912.0	631.0	920.6862010654604	600.7081666113853	90	75	62.5	31.51262063036328	559.5829486846924	178.46671628809383	162.38204587728652
1842704	213	1203.0	1199.0	1194.455753955949	1163.1799887628663	360	150	62.5	36.824955471658996	1453.415870666504	501.9846927945688	1165.420265661848
1842704	214	1419.0	514.0	1327.0191712107492	289.9337275231784	360	150	250	242.21099753399872	1506.2320232391357	425.1629162582319	640.455299733347
1842704	215	1118.0	586.0	1084.9989839468565	872.0571845645809	0	75	250	287.9544753976825	858.2820892333984	435.0	213.65061819717155
1842704	216	1021.0	509.0	1079.76128741783	471.5533382750896	90	0	0	69.6788445178356	839.771032333374	300.9782629593007	710.5088945499433
1842704	217	1480.0	1079.0	1441.9905556817753	1054.3517440469725	0	0	62.5	45.30181430038075	943.2449340820312	528.0000000000006	972.8289410531984
1842704	218	1123.0	473.0	1216.9484825212178	478.88897015226485	90	75	62.5	94.13287065363421	710.3447914123535	281.38260729921524	313.77477388058657
1842704	219	689.0	352.0	625.9623450838458	408.26002400115453	90	0	125	84.49222590237889	919.964075088501	367.13388601719373	450.0384504912393
1842704	220	340.0	169.0	390.2198485076159	100.22113604487464	0	150	125	85.16199452270673	949.6631622314453	561.0000000000001	792.2638365192468
1842704	221	1190.0	23.0	989.5448393632357	-101.81148084137966	90	75	250	236.13592944685283	1130.4669380187988	604.6679321219314	697.3332713406655
1842704	222	1561.0	572.0	1801.5175848253984	652.5860704880251	90	0	250	253.65887204460972	1682.569980621338	1087.2269915043041	1376.0895154897123
1842704	223	1029.0	414.0	1028.5231813053917	412.10488664207253	0	0	0	1.9541777572480594	1255.8329105377197	0.0	363.2265412129957
