user_id	turn	x_curs	y_cursl	x_targ	y_targ	angle	min_tim	lag	dist	elapsed	targ_dist_trvl	mouse_dist_trvl
1841704	1	987.0	895.0	985.1513220674719	953.1333741103216	90	150	0	58.16276124419151	992.9840564727783	271.01080449106604	677.4915222752471
1841704	2	987.0	934.0	984.7494547034145	953.7703753843081	90	150	0	19.898057617979642	1040.1380062103271	286.84618132385435	621.7684010388888
1841704	3	916.0	549.0	929.823251949396	547.7997905442926	90	150	0	13.875258455036033	808.2900047302246	168.8790664805408	300.05138455202473
1841704	4	924.0	689.0	935.1224707481688	643.1779078771848	360	0	62.5	47.152661452516476	817.3089027404785	157.61449237448895	381.35592629799
1841704	5	1227.0	549.0	1283.2687140404635	604.1779105377387	360	0	250	78.80843857784616	2243.0479526519775	172.7797033635588	1349.0352754007254
1841704	6	615.0	479.0	439.6917970769296	590.112026856988	90	0	125	207.55444713227527	1181.7529201507568	563.308783815946	664.1359306601132
1841704	7	1269.0	1025.0	1169.9267613223672	944.492339377771	360	0	250	127.65966489435574	1338.7200832366943	385.8229243037554	557.9182167695635
1841704	8	836.0	620.0	817.6727336880888	587.1585247165939	0	150	0	37.60919022337879	713.1600379943848	300.0000000000005	379.5800347071944
1841704	9	707.0	665.0	706.403841668999	691.4905382946033	0	0	62.5	26.497245590692373	831.2981128692627	435.0000000000002	786.2275113427062
1841704	10	1765.0	232.0	1408.6822333399157	461.9380904701872	360	150	125	424.0682448459284	1101.6380786895752	391.66487092937393	1248.6958626989538
1841704	11	1731.0	0.0	1811.755595733423	-119.09513728045295	0	0	250	143.89273076187683	1258.5599422454834	946.0	1158.0108738961342
1841704	12	576.0	467.0	715.0781893062655	620.8927552128474	360	150	250	207.42642755374928	1083.5480690002441	163.69236879816233	450.8733666856127
1841704	13	1015.0	611.0	998.016150008188	441.46125902721525	0	150	62.5	170.38731129747126	765.5370235443115	351.0	124.28638437724504
1841704	14	274.0	783.0	172.33402355023972	889.9356045813277	0	150	62.5	147.55064992963358	1174.7689247131348	820.0000000000002	1269.0774898980483
1841704	15	1.0	20.0	170.5088704043968	-23.102866441046327	0	150	250	174.90315675026926	1186.9609355926514	819.9999999999997	1437.4702007349447
1841704	16	1121.0	607.0	1093.3789891332751	602.857771968318	0	0	0	27.92988174636952	663.8369560241699	253.00000000000006	406.397142572487
1841704	17	1214.0	1051.0	1212.9754054729963	1009.5449922571321	0	75	125	41.46766765693489	709.3539237976074	325.00000000000017	567.5245911443176
1841704	18	774.0	167.0	906.3975920785126	208.5868770794404	0	75	125	138.77532465610992	805.0789833068848	406.0	617.7260937397572
1841704	19	561.0	834.0	408.8926994107584	911.2288279837743	90	0	250	170.58992574092204	1073.929786682129	440.3620426303476	546.547776325957
1841704	20	804.0	998.0	729.4772589443462	956.9006985093856	90	75	62.5	85.10459163561296	763.7419700622559	323.40967266389765	595.1859224226366
1841704	21	443.0	190.0	745.8581430934263	244.23707782302284	360	150	250	307.67631603485324	1106.5559387207031	306.0360465720492	679.674999493129
1841704	22	692.0	461.0	714.0521511938709	472.03161464833937	360	150	125	24.657532196608795	989.6509647369385	149.87394638137192	371.23230465649965
1841704	23	1117.0	484.0	1136.5961822606707	502.9566670890809	360	0	62.5	27.26473154681096	992.5158023834229	137.9476116335772	319.0946987057993
1841704	24	638.0	968.0	598.7080456775018	1129.3306504220066	90	150	0	166.04648879175065	895.7810401916504	445.4104178607695	547.4665479285659
1841704	25	1303.0	1157.0	1177.24770487094	1247.62634631877	90	75	125	155.00572369211352	1005.6960582733154	542.5571885606108	857.1358098997925
1841704	26	1027.0	410.0	1033.254334101866	410.81980705278227	360	75	62.5	6.307834704679322	738.0669116973877	81.15420546139175	265.1553459669654
1841704	27	1002.0	529.0	981.9978179827423	538.7345907533867	90	0	0	22.24521392541392	552.1609783172607	142.4586119794384	90.24270527546471
1841704	28	728.0	332.0	717.8389546087114	249.57114240523515	90	150	62.5	83.05277483517241	831.7739963531494	399.2904295071321	618.4004576086489
1841704	29	217.0	1011.0	274.518241866541	1035.1989507378105	0	75	62.5	62.401421171547774	1094.770908355713	702.9999999999999	1301.3586346635386
1841704	30	946.0	551.0	927.8097173585645	562.4996237483655	360	150	125	21.520402620055243	669.5561408996582	158.71859682004546	53.812461989406806
1841704	31	1012.0	579.0	907.5331622100648	611.2328955587437	0	0	250	109.32648239987196	649.9929428100586	252.99999999999986	56.60787009469986
1841704	32	1803.0	0.0	1678.7853120370967	129.6616082537658	0	150	250	179.55896346513717	1130.0208568572998	780.0000000000002	1146.5955702139022
1841704	33	1222.0	1030.0	1170.2899828454451	970.5782905121972	0	0	0	78.77096820896128	664.0658378601074	253.00000000000003	522.619384311228
1841704	34	1149.0	957.0	1183.0837835492164	1197.289123708075	0	0	250	242.69439069213038	970.0260162353516	528.0000000000002	434.8505732081745
1841704	35	940.0	614.0	959.6930829168655	589.0775951871676	0	150	0	31.76387533701185	600.8288860321045	210.0000000000001	207.97432116267393
1841704	36	1108.0	431.0	1024.324137112438	371.8551846922254	0	0	62.5	102.46833270708007	671.2279319763184	276.00000000000006	397.8921737621025
1841704	37	1224.0	655.0	1147.6348360665845	632.2504375968244	360	0	0	79.68174729581047	896.8939781188965	116.36587821648348	384.6858319349481
1841704	38	691.0	355.0	724.4412469912169	335.64244126010607	0	0	0	38.63977330026686	648.000955581665	252.99999999999994	438.2781933136782
1841704	39	792.0	1199.0	1007.8461911493532	1490.2055400457762	0	75	250	362.47792317192955	1185.9300136566162	820.0	869.4363029657342
1841704	40	872.0	773.0	887.3510990036309	786.3387699434011	0	0	62.5	20.336642402871174	1041.835069656372	0.0	292.7018789672787
1841704	41	711.0	847.0	762.5172912104099	794.1931262531482	90	75	0	73.77396023377166	719.9761867523193	293.74110844738095	389.5868246171493
1841704	42	1006.0	457.0	935.1002842224298	472.8418072509478	0	0	0	72.6480044758039	695.5389976501465	275.9999999999999	247.48599565523412
1841704	43	876.0	774.0	873.7251705861156	780.4346247525822	0	0	125	6.824898868761125	1085.1879119873047	0.0	375.6576053884577
1841704	44	1117.0	742.0	1111.0045021643843	731.1397740050152	0	0	0	12.405261099993671	728.0011177062988	0.0	225.13060644407543
1841704	45	487.0	940.0	497.64285322591064	997.5302418439508	90	75	125	58.506401798536025	845.0860977172852	411.71570997868025	644.7984415901631
1841704	46	767.0	676.0	780.4916139373678	688.1858227448663	0	0	0	18.180151886171842	704.8928737640381	0.0	251.29555829108534
1841704	47	623.0	698.0	727.8721406511488	703.780708568821	360	0	125	105.0313404480395	901.2360572814941	124.83316537533207	424.97518615952896
1841704	48	1405.0	714.0	1497.5175368932019	676.584226876999	90	75	62.5	99.79696744479189	863.4850978851318	411.4454671854282	622.9094047354506
1841704	49	1061.0	714.0	1042.1606220821814	710.3726541110933	360	0	62.5	19.185405873427875	687.2718334197998	72.67688823337744	218.48778466543538
1841704	50	41.0	1096.0	297.969390566746	1146.8573797522165	0	0	250	261.9536996560766	1186.3679885864258	819.9999999999999	1144.1332989162077
1841704	51	933.0	273.0	899.9739468650027	216.16717056422902	0	0	62.5	65.73196092732285	764.1689777374268	351.00000000000045	699.6680918218997
1841704	52	910.0	895.0	929.5986407205522	899.9490188189271	360	0	0	20.213844398416217	816.2341117858887	118.71655370395513	529.1322658286856
1841704	53	995.0	559.0	756.2553905469433	748.046930045022	90	150	250	304.52870193520346	890.3729915618896	453.8390042763736	100.66655460831343
1841704	54	1113.0	170.0	980.3966507564617	21.73030751572004	0	0	250	198.91593686778026	930.1519393920898	528.0	523.2186615500599
1841704	55	1060.0	75.0	961.0374813723964	204.58785729270338	90	75	125	163.05395686959835	708.9979648590088	271.97320344312163	576.4916103643001
1841704	56	1130.0	893.0	1011.2415174689136	707.385492976199	90	0	62.5	220.35499175370418	604.7041416168213	130.48256503661804	560.6284037563244
1841704	57	1206.0	272.0	1204.0343045368027	294.2454189063918	360	0	250	22.33209844539669	1090.8470153808594	215.60798065106428	458.81634954697597
1841704	58	530.0	508.0	448.2192751048849	371.6238016651786	0	0	250	159.01746582256004	866.6009902954102	435.0	515.0099464348316
1841704	59	1207.0	556.0	1160.604297840697	652.1989543025518	360	0	0	106.80262163336255	576.1809349060059	29.362273991662143	317.4554088110558
1841704	60	844.0	687.0	916.707835380849	721.8164739731562	90	0	0	80.61399497414891	640.7599449157715	222.64747980840366	325.3889245804859
1841704	61	526.0	1199.0	518.4865504475237	1391.5255532258257	0	75	250	192.67210635971114	1114.0670776367188	740.9999999999998	850.8608043743039
1841704	62	919.0	758.0	967.27992741576	629.1914209622352	90	0	62.5	137.559446876611	535.2082252502441	174.33632027918438	231.84014714651786
1841704	63	719.0	684.0	777.688130123804	667.8742144314649	360	0	62.5	60.863269527942045	743.9060211181641	159.2634359835651	417.97527469774633
1841704	64	942.0	280.0	933.9215847763554	253.14229308406095	360	150	0	28.04634046195854	967.7550792694092	157.59967556095873	634.7123125610024
1841704	65	1150.0	370.0	1100.1589663815248	457.32742329773896	0	0	250	100.54952755722155	1082.1709632873535	0.0	321.9642677802222
1841704	66	1183.0	1017.0	1327.511993410178	887.2308508550224	360	0	250	194.2260237692025	1274.5311260223389	306.41021518140894	516.963830896397
1841704	67	835.0	824.0	1024.997393396166	862.909524483329	90	75	125	193.94061099433569	837.3970985412598	390.2888564629984	300.97021042215067
1841704	68	771.0	542.0	838.9810154189532	660.9077060650505	90	0	125	136.96883229057775	766.5920257568359	292.25028696343156	238.60733613515143
1841704	69	977.0	563.0	982.642586021888	614.8305731169962	0	0	62.5	52.13681124359924	597.0661640167236	210.00000000000003	56.24765326621981
1841704	70	1171.0	587.0	1191.351357027885	650.5088612598516	360	75	125	66.68997819312527	821.5200901031494	183.35664763881726	310.68992927710224
1841704	71	526.0	774.0	610.3260028996674	718.6470820911679	0	75	62.5	100.87031419628184	691.5130615234375	299.9999999999997	707.8666574687679
1841704	72	730.0	644.0	814.7838970135294	618.1151294329737	360	75	250	88.64725442489727	905.566930770874	130.78982174207118	357.49328917802757
1841704	73	597.0	550.0	814.3871351630798	635.3627485177967	360	0	125	233.54649509021485	644.888162612915	64.08049778334166	426.49269489152755
1841704	74	1038.0	454.0	1330.9312505446069	430.44458534742756	90	75	250	293.87680259775846	994.5039749145508	506.9952948962257	287.5261495880415
1841704	75	838.0	436.0	846.4585566010893	435.3538927551217	0	0	0	8.483197177109323	751.439094543457	0.0	231.17862422006627
1841704	76	752.0	952.0	784.8874433740481	1009.4652923009078	360	150	0	66.21060149938218	704.9741744995117	269.7676323590207	530.6310774358875
1841704	77	1275.0	581.0	1284.4612077897937	553.7829667409387	360	75	62.5	28.814603107912145	999.8500347137451	259.4274602625122	637.1220103333054
1841704	78	1137.0	773.0	1198.9229812398053	769.3096176185733	360	75	0	62.03285039192073	640.1429176330566	112.64691747423011	274.6100737976194
1841704	79	719.0	868.0	662.6915578644712	881.2649942316965	90	0	250	57.849811820758234	995.2380657196045	312.74398687925594	384.9343684823466
1841704	80	1131.0	237.0	1165.238519599654	313.70671656773897	90	75	0	84.00117017625008	623.8551139831543	227.07635130846072	502.89500709549884
1841704	81	521.0	486.0	523.150548461211	441.6273613755022	90	75	62.5	44.42472191454093	694.6780681610107	270.6840544749293	682.7689062658612
1841704	82	827.0	886.0	851.7487078324399	768.1715128791245	0	0	250	120.39954699486951	1242.5339221954346	0.0	408.97885208246174
1841704	83	1381.0	1140.0	1388.933663524607	1147.643178470316	0	75	125	11.01640567747849	901.3938903808594	496.0000000000004	754.2092874171465
1841704	84	484.0	465.0	461.1879625471176	534.1232689664181	0	75	0	72.79021476376813	855.8459281921387	435.00000000000034	1256.5123776634612
1841704	85	1035.0	147.0	940.668113677543	-55.977833114677544	0	150	250	223.8269543935288	923.0709075927734	528.0	513.5878524733467
1841704	86	673.0	324.0	698.5011503462723	316.99917571220067	0	75	0	26.444663160869066	623.9359378814697	231.0	439.927162200379
1841704	87	1277.0	514.0	1146.923286700807	528.8685379809475	0	0	250	130.92373644382187	1105.8111190795898	0.0	438.7894343756911
1841704	88	1077.0	223.0	1118.9582061922865	135.81617055553585	90	150	125	96.75490263276505	773.2291221618652	359.69569065215944	612.0282417724593
1841704	89	696.0	522.0	687.1898782712168	560.0456004086697	0	0	0	39.05234890928	671.658992767334	275.99999999999983	335.4916930987975
1841704	90	930.0	68.0	1022.4193656619207	-24.56005628722727	0	150	125	130.80024147243185	885.4789733886719	434.9999999999998	646.5092037068752
1841704	91	1013.0	199.0	1065.8138202918487	229.47610654164345	0	0	0	60.97616488233166	552.6080131530762	190.00000000000006	406.4539528009985
1841704	92	1062.0	390.0	1061.810562878948	339.8636960454925	90	0	62.5	50.13666184182588	639.8129463195801	221.46442021423846	432.4675873109344
1841704	93	1044.0	728.0	1165.1087494286023	717.4799614315352	0	0	125	121.56479917986937	732.9909801483154	324.9999999999995	342.78044225643197
1841704	94	356.0	1060.0	540.8298262379315	852.1476922388152	90	0	250	278.1450098577974	1073.9281177520752	304.9395573020038	796.2465112012974
1841704	95	921.0	699.0	935.0639582497216	678.978820435562	90	150	0	24.467172963000454	519.6309089660645	168.045369871403	408.7995931105041
1841704	96	549.0	552.0	579.7175594117288	461.38767310227865	90	0	62.5	95.67738626254692	677.1271228790283	238.10833986437922	619.8132306352152
1841704	97	844.0	300.0	849.1396791016466	466.36697121287534	360	75	250	166.44634394246572	905.8890342712402	98.51119642946057	362.53795456422955
1841704	98	522.0	255.0	582.638104948049	239.4992269402442	0	0	125	62.58796799018684	821.9408988952637	405.99999999999994	631.169572557593
1841704	99	920.0	666.0	887.33979578733	564.6762935484629	360	75	250	106.45742072909039	818.0320262908936	248.95309430154157	183.24596162290507
1841704	100	550.0	839.0	496.3446099073106	770.8692324347084	90	0	62.5	86.72198322821306	774.4359970092773	304.7873512155763	675.3339839815656
1841704	101	553.0	527.0	504.8560384850179	542.2198082857686	90	150	62.5	50.49241125764969	679.2459487915039	295.6488108553794	556.3882743682149
1841704	102	1114.0	442.0	1140.8241952956423	293.93650059774404	90	150	125	150.47370969209408	740.725040435791	322.906348373478	318.77902282815774
1841704	103	919.0	355.0	1152.0026575839672	220.6359499478494	0	75	250	268.9682813783222	874.1450309753418	464.9999999999999	296.78737038421616
1841704	104	638.0	378.0	475.4360788809964	358.2441264312525	90	75	0	163.75995539218363	792.057991027832	358.0218075936869	582.5400038271712
1841704	105	650.0	924.0	639.1877866309848	879.9998122536172	90	75	62.5	45.30916551487182	631.6368579864502	226.73974329477284	664.7892396193394
1841704	106	508.0	958.0	298.64159101490975	847.5862813568217	0	0	250	236.6899505204715	1058.6519241333008	666.0	655.978973869296
1841704	107	1216.0	576.0	1155.9225936037494	511.0534826392158	90	0	125	88.47228309812566	837.8398418426514	309.065451052724	776.7042250149362
1841704	108	1199.0	257.0	1259.127631757648	134.58783516664664	0	75	250	136.38207433519773	859.1320514678955	435.0000000000001	470.97994677511576
1841704	109	1158.0	150.0	1136.090430843857	257.74151743148633	90	150	0	109.94664069014155	591.8490886688232	206.65654703364612	553.3419329083749
1841704	110	1301.0	598.0	1351.6406374713874	675.6810356380964	0	150	125	92.72980891447851	604.7139167785645	230.99999999999986	370.8830051639482
1841704	111	948.0	263.0	1149.9365892449457	201.75797596445545	0	0	250	211.01888916362947	873.5380172729492	405.9999999999992	355.5390355507761
1841704	112	1109.0	221.0	1096.2509821621907	316.9759434292895	360	75	0	96.81900212753153	567.4028396606445	127.56105520734788	445.3444149299214
1841704	113	817.0	0.0	940.4797057514811	-16.884409780603	360	75	250	124.62873274695397	1210.2718353271484	426.4633805452547	661.9997897920535
1841704	114	533.0	572.0	620.7514557129313	622.3322078211544	360	150	62.5	101.16150020581155	975.0840663909912	197.04199256881043	950.1844195891271
1841704	115	1494.0	789.0	1485.7341566871632	549.3775344470899	90	0	250	239.76498944451407	1034.433126449585	489.7057226736167	668.620274340743
1841704	116	468.0	633.0	489.2330694428894	597.4025736401733	0	150	62.5	41.449004830150635	741.0938739776611	324.9999999999999	751.8973948874502
1841704	117	735.0	692.0	678.5905069348585	854.5807842272485	90	150	62.5	172.0887628748995	690.2420520782471	298.6571333120938	364.4125750039142
1841704	118	918.0	707.0	918.8758886361421	609.6698745889911	0	150	125	97.33406645890042	661.2558364868164	189.99999999999983	135.99009399003967
1841704	119	687.0	747.0	591.8359481814948	1083.4452636863086	0	150	250	349.6449802520621	1002.3069381713867	594.9999999999999	359.2123643506488
1841704	120	1005.0	400.0	1020.498829803019	464.6534305457225	360	75	62.5	66.48518486545338	1023.8730907440186	117.66596747341791	699.8809075140454
1841704	121	1023.0	859.0	1010.577921885232	941.7140466407333	90	75	0	83.64162562011094	697.080135345459	260.0785607752151	324.4756471280618
1841704	122	851.0	667.0	886.0973738018354	671.8012777487492	90	150	0	35.42425603744409	535.6869697570801	164.702517233527	149.36678777240476
1841704	123	897.0	520.0	1090.154470506742	551.4172731680848	0	0	125	195.69285763680264	708.7380886077881	299.9999999999998	142.85447743442316
1841704	124	1018.0	499.0	1010.8975916654999	545.9475353093297	90	150	0	47.48173623374295	481.18019104003906	131.1276436795652	164.00683180246438
1841704	125	1352.0	738.0	1445.1906920794322	780.9877144082234	0	150	125	102.62771886915603	853.186845779419	405.99999999999994	482.87540536046725
1841704	126	1168.0	448.0	1290.6409058611546	507.683923800514	0	150	62.5	136.3926777751289	700.5829811096191	300.0000000000003	348.87426862639893
1841704	127	1122.0	819.0	1058.668198564227	798.9556211296067	360	75	62.5	66.42811300496241	654.7770500183105	113.1514725757	442.4557892718609
1841704	128	943.0	837.0	934.0956164313063	798.3153118443606	0	0	125	39.69626108889208	899.9300003051758	0.0	318.20415810005954
1841704	129	1597.0	1123.0	1556.2540409531866	1347.1798956084003	90	150	250	227.8527128950583	1234.982967376709	853.4548632392413	898.0690160098303
1841704	130	969.0	867.0	907.8609049824742	896.0367555941633	0	0	0	67.68398713874079	631.9999694824219	230.99999999999966	342.11300571926677
1841704	131	812.0	567.0	796.9576220450895	602.5346110876349	360	0	125	38.5873258944934	709.8550796508789	50.831920759579006	222.92749088693165
1841704	132	707.0	760.0	693.5382677208007	758.3907145479575	360	0	0	13.557582218927958	919.9819564819336	138.92576483711028	441.2849839302981
1841704	133	970.0	456.0	984.4913526175815	476.9108533637073	360	75	0	25.441365707948037	728.0259132385254	101.10555442945785	176.55227325484185
1841704	134	1209.0	897.0	1293.4470761776684	1257.7408610213154	0	150	250	370.4932893931507	1227.0729541778564	819.9999999999998	546.4702026032372
1841704	135	973.0	738.0	784.6303451710234	466.22147788142075	90	150	250	330.67611335768856	851.4552116394043	382.3668498792537	185.53980266473536
1841704	136	862.0	544.0	950.4981910735403	599.6627398145596	90	150	62.5	104.54793363310536	639.4031047821045	209.89223240876328	155.55816986056837
1841704	137	133.0	248.0	237.24430767624557	273.15926682996025	0	150	125	107.237420662383	1004.5139789581299	594.9999999999998	922.7995079844184
1841704	138	1463.0	558.0	1332.3246828603326	586.3834287469075	0	0	62.5	133.72231503000324	788.2509231567383	350.999999999999	659.7966688466793
1841704	139	392.0	815.0	381.41501435979876	817.5630911747982	0	150	62.5	10.890884141041747	844.5110321044922	434.99999999999994	756.868775616161
1841704	140	872.0	531.0	869.9648088087466	602.6609917619602	360	150	0	71.68988592188359	736.778974533081	195.1306622559641	177.75919942454786
1841704	141	1048.0	571.0	1005.0112711333758	659.9141554335741	0	0	62.5	98.76111505058007	612.1008396148682	231.00000000000006	166.3291302824447
1841704	142	183.0	190.0	26.68999681683669	141.3289051829951	0	75	250	163.71222485143375	1338.0708694458008	1035.0000000000002	1052.7728911770628
1841704	143	223.0	711.0	-11.700044708080583	703.9227922606882	90	150	250	234.80672446793426	1170.7050800323486	779.089854230765	783.1979927553158
1841704	144	533.0	350.0	633.192450126651	407.22823746307466	90	0	0	115.38456666951396	656.2919616699219	232.2269367596727	530.8296198045905
1841704	145	645.0	580.0	596.8440278305101	573.0139736139636	360	75	0	48.660068025590405	934.9069595336914	266.23669564274826	466.6019380279288
1841704	146	1323.0	1160.0	1218.016160488033	1131.8624971516556	90	150	62.5	108.68912376689329	846.7471599578857	425.67776452185217	1192.0309868152563
1841704	147	546.0	225.0	658.9371149276351	337.2792826583074	0	0	62.5	159.2527213030972	638.9200687408447	253.00000000000014	760.6398465554379
1841704	148	1121.0	768.0	1104.3268549350655	738.4548985935584	0	0	62.5	33.92501707403061	717.9641723632812	0.0	341.54540572370473
1841704	149	1356.0	69.0	1413.169627704156	31.598249442488715	0	0	125	68.31732779169646	964.5180702209473	528.0000000000001	710.4557186062681
1841704	150	1284.0	563.0	1241.1867442514163	675.4124897753837	360	75	125	120.28941235742401	789.2029285430908	143.81293632631872	356.14026083279424
1841704	151	1019.0	803.0	1021.757874672044	790.2260889467901	0	0	125	13.06823156750824	1037.4979972839355	0.0	250.6145474909312
1841704	152	769.0	684.0	596.9899413216322	572.6883244549193	90	150	125	204.8847222200544	989.7959232330322	537.3328521037738	483.37292607275845
1841704	153	533.0	952.0	387.7014176430933	1035.7300088151624	90	150	125	167.69732380426936	973.8540649414062	548.9844257064074	586.7091871714839
1841704	154	687.0	890.0	634.4599205850918	1031.5036867187762	0	75	62.5	150.9428809183474	790.6579971313477	378.0000000000002	509.2811296937763
1841704	155	1180.0	681.0	1164.7330689255825	640.6245722923475	360	150	0	43.16542999909638	880.6970119476318	90.26507227009009	631.8773209909981
1841704	156	901.0	418.0	894.6182977320198	410.98880189644535	0	0	0	9.480665730022997	951.0641098022461	0.0	340.50870990823626
1841704	157	981.0	310.0	963.5523489679927	268.6978057114658	0	0	0	44.83627749470885	584.2628479003906	210.00000000000006	315.78441567923016
1841704	158	803.0	520.0	818.7161685989948	575.0857494274658	360	75	125	57.283834939863944	829.7469615936279	112.38891800374117	239.26690631849624
1841704	159	743.0	675.0	652.0806099055789	525.1147398797673	0	0	125	175.30523864520237	852.6511192321777	434.9999999999996	319.3026814704438
1841704	160	691.0	696.0	616.5466711443877	699.45366118367	0	75	0	74.53338817773913	640.4209136962891	231.0	305.5552389124223
1841704	161	1111.0	914.0	1106.3170217885004	1002.3686919815847	0	0	62.5	88.49268900573406	724.2779731750488	324.9999999999999	475.1197897483393
1841704	162	1171.0	653.0	1157.6171175749255	630.7810792757191	0	0	62.5	25.938041178069863	679.6391010284424	0.0	443.75515315062864
1841704	163	1131.0	247.0	1417.7897094392122	297.3212376622164	90	75	250	291.17102259683224	1035.231113433838	524.8870605280382	533.1928711406694
1841704	164	1026.0	914.0	1032.825493365022	846.6503324477942	360	150	62.5	67.69464586707433	655.113935470581	109.88425960213846	591.5609330922773
1841704	165	957.0	488.0	937.2505191421366	471.45794606098315	360	75	62.5	25.762017441894127	607.5959205627441	73.7761474032014	181.43084315878926
1841704	166	1109.0	239.0	1089.479352753235	221.72941165088164	0	150	0	26.063938513918792	592.9100513458252	209.99999999999994	424.4967647500045
1841704	167	1008.0	441.0	1017.6072888186309	489.50973680863945	0	75	0	49.451941960736576	455.33204078674316	119.99999999999996	180.41040656520522
1841704	168	756.0	806.0	888.6863380054162	952.8665069870931	0	0	125	197.92785344129166	724.5228290557861	324.99999999999994	331.3798076969622
1841704	169	901.0	426.0	887.611367345498	413.559967114325	0	0	0	18.27593780230914	615.9989833831787	0.0	204.32418083963142
1841704	170	1053.0	404.0	1038.132660029302	415.89327161468134	0	0	125	19.039109945186425	886.253833770752	0.0	227.79198737237178
1841704	171	418.0	680.0	176.67316547376487	619.3610447165316	90	75	250	248.82870405225228	1050.2409934997559	601.1591005045003	583.9399061755229
1841704	172	829.0	497.0	859.0100660978536	567.0695407797645	360	75	250	76.22561650970503	1114.1078472137451	137.21494222739366	230.63798331621362
1841704	173	985.0	361.0	1001.3414958270282	48.464351418340634	0	75	62.5	312.96257942479843	1055.0739765167236	630.0000000000002	707.0681906588934
1841704	174	840.0	249.0	809.3474279824593	304.8394963358131	360	150	62.5	63.699525291228085	598.4969139099121	168.46707202481352	477.67074601421365
1841704	175	726.0	647.0	724.2477032632521	605.9560794746869	0	0	62.5	41.081309082620926	631.5970420837402	231.00000000000006	389.70581016810206
1841704	176	677.0	773.0	677.190914316671	635.6403955920875	0	0	125	137.35973708250359	692.8439140319824	300.0000000000001	382.29517699989424
1841704	177	835.0	390.0	846.4759977391475	460.34258466116574	360	150	125	71.2725595227377	830.2130699157715	83.15999995604429	278.6537392464346
1841704	178	889.0	615.0	922.2920189156281	530.2249098063852	0	75	125	91.07784824431275	613.4369373321533	231.0	130.0927489247848
1841704	179	789.0	675.0	839.5926634135861	702.1442269651776	360	0	0	57.41451601134936	608.2780361175537	52.685810963268764	215.29699635961902
1841704	180	995.0	1072.0	863.9132243978578	1196.5731820496842	0	75	125	180.8375525817305	893.2361602783203	464.9999999999998	487.5990764257573
1841704	181	912.0	570.0	933.8266301801721	558.923202321157	0	150	0	24.476462813078616	495.73278427124023	153.00000000000009	77.91085787393627
1841704	182	784.0	338.0	829.4665295867621	404.64220634735165	360	0	250	80.67458694971369	971.3149070739746	62.47181064310754	325.9458490836664
1841704	183	1023.0	753.0	1043.6036411438488	771.4696030067655	360	75	0	27.67013306097425	873.3232021331787	61.97978994947669	447.5265693860763
1841704	184	1241.0	618.0	1302.8151534779568	648.3684275289622	0	75	62.5	68.87201601583317	854.5870780944824	464.99999999999983	631.040993554786
1841704	185	1244.0	497.0	1307.244388263547	357.32506778752423	90	0	250	153.32625129243195	1081.9499492645264	488.49547614332596	461.36631278033394
1841704	186	1648.0	448.0	1425.689024206159	410.8754726642962	360	150	250	225.38944182971207	1042.3400402069092	426.087119982518	763.022683355304
1841704	187	1048.0	762.0	1024.6426842045782	722.258259616508	360	150	0	46.09739829834151	577.023983001709	165.39903035956846	291.7918025688296
1841704	188	418.0	597.0	619.6171312042053	723.943441722937	90	75	250	238.25218779998312	1130.2790641784668	349.6667555854337	628.6830980526692
1841704	189	1106.0	477.0	1114.1710310421408	472.59790744495905	0	0	62.5	9.281388212696212	983.039140701294	0.0	424.4568478698697
1841704	190	711.0	1115.0	714.4558821671194	1007.7710012849657	0	75	0	107.28467405450718	680.5799007415771	276.0000000000002	654.8118913897265
1841704	191	825.0	796.0	801.157140286482	761.5356809558411	360	150	62.5	41.907890026772655	614.9599552154541	125.65802236659887	317.5129310814712
1841704	192	825.0	658.0	839.7553352553898	330.00335665356425	90	150	250	328.32836911395265	881.4871311187744	447.1998434394284	216.988143960822
1841704	193	728.0	1046.0	795.3671152681658	1194.4307603588259	90	150	125	163.00312524689068	957.3211669921875	548.645544960837	589.0619901577194
1841704	194	702.0	481.0	706.6395488004346	447.1174603519905	360	0	62.5	34.198712052803266	862.3239994049072	106.16232480220883	371.0930166370367
1841704	195	1052.0	577.0	1057.8693230486078	539.7074527812784	360	150	125	37.751596404781296	821.2709426879883	137.21924848957147	110.30818519695782
1841704	196	1487.0	1198.0	1407.1125572760193	1244.0624226899897	0	0	125	92.21578112800746	1093.1291580200195	629.9999999999999	894.6166671247375
1841704	197	893.0	640.0	872.5138457244061	542.8647129753821	0	0	125	99.27208319743441	652.407169342041	252.99999999999994	126.07016180538706
1841704	198	1344.0	571.0	1277.2412946897396	609.1191692553508	90	0	0	76.87519625614154	1168.4789657592773	290.18058622982517	821.4296907123869
1841704	199	893.0	626.0	957.7721294995198	624.7421745625019	0	0	62.5	64.78434135447993	549.4530200958252	189.99999999999994	102.02859692032372
1841704	200	913.0	555.0	969.1401302912813	521.6407107097745	0	150	0	65.30357119691841	583.831787109375	210.00000000000003	85.13305558574164
1841704	201	1236.0	547.0	1136.5224387909773	533.9716367917777	360	150	62.5	100.32708224592312	1160.6080532073975	184.5923844695645	792.55843050571
1841704	202	1146.0	342.0	1198.6971400588743	267.26224770901297	360	150	250	91.44790969668772	1122.7529048919678	298.18275510529065	376.3490716819369
1841704	203	904.0	414.0	893.3576559223732	411.42959411445497	0	0	250	10.948354848242882	1786.195993423462	0.0	477.79973108895
1841704	204	836.0	523.0	874.4160772758141	527.4765304704206	360	0	125	38.67601735331505	1052.8450012207031	111.6268220808725	181.0549350322685
1841704	205	1099.0	624.0	1075.2263993530814	675.0157599544838	360	0	125	56.28314002836619	1356.4839363098145	147.3046849259846	521.9512455430623
1841704	206	1112.0	464.0	1107.834416068615	465.2966762635323	0	0	125	4.362735245441962	1013.3588314056396	0.0	280.8481414799397
1841704	207	1183.0	419.0	1164.270561883384	409.5727351038934	360	150	250	20.96819438066877	1177.8419017791748	317.0403686470028	612.6780490166847
1841704	208	1129.0	699.0	1084.4675516900265	517.0662221391127	90	75	62.5	187.3046675318454	774.8839855194092	311.84851039057617	367.2528156986013
1841704	209	1000.0	496.0	1150.2780842821385	578.2883074389954	0	0	125	171.33262432089268	749.316930770874	300.0000000000002	160.2092523921661
1841704	210	1105.0	460.0	1294.440195171425	468.0369219629375	90	0	125	189.6106000761191	741.2960529327393	308.3861321903275	211.80008189127972
1841704	211	582.0	738.0	764.6868084670165	741.4720955663448	360	75	125	182.71980033780193	869.2920207977295	143.5086560457022	485.60282708455253
1841704	212	961.0	523.0	952.4565293929352	533.0141553218409	360	75	125	13.163365710324062	773.4968662261963	140.23650239271805	177.87029435047452
1841704	213	1019.0	474.0	1031.7718407664333	726.1630109849152	0	0	250	252.48624522049036	722.4688529968262	324.9999999999999	207.78799468586269
1841704	214	936.0	642.0	1021.2278227949133	604.3654993789359	0	0	0	93.16725505969372	649.5339870452881	253.00000000000003	188.04587825323728
1841704	215	736.0	398.0	639.9638420939876	277.0428054392277	90	0	0	154.44606353468856	713.0701541900635	274.236592896007	348.26832008591487
1841704	216	758.0	442.0	706.2817162103418	484.1435979738381	90	75	0	66.71479392404744	664.6280288696289	244.7473761081925	336.1503639718389
1841704	217	555.0	137.0	712.3650640119008	32.64380033332661	90	75	125	188.82261458930242	933.5670471191406	460.9794628898589	650.7005999963272
1841704	218	1187.0	0.0	1149.2333331725945	-193.6764487034878	0	0	250	197.32432162723123	1130.6109428405762	666.0	703.087488692493
1841704	219	1117.0	757.0	1107.412211175505	735.1652322024725	0	0	62.5	23.847070665284164	697.9470252990723	0.0	291.1024882012976
1841704	220	428.0	1023.0	529.6187875451844	1184.3250466465163	90	0	125	190.66239445064667	1053.3630847930908	617.0195819703297	739.2134210594184
1841704	221	929.0	380.0	922.8044560760746	403.489207644457	0	0	250	24.29254289442967	1026.5460014343262	0.0	241.26015574054358
1841704	222	1277.0	762.0	1580.8032962551663	755.2233142227645	90	75	250	303.87886778390447	1122.7409839630127	705.8898234224074	484.1236546910157
1841704	223	549.0	390.0	688.00479467406	409.2284755849286	0	0	0	140.3284262567559	696.1750984191895	275.9999999999998	550.7974599484126
