user_id	turn	x_curs	y_cursl	x_targ	y_targ	angle	min_tim	lag	dist	elapsed	targ_dist_trvl	mouse_dist_trvl
1842003	1	1436.0	224.0	1471.1327415440628	4.575239525391169	90	150	0	222.2195649301415	1527.0600318908691	591.7122496607888	630.706810115555
1842003	2	1016.0	602.0	1000.7122296946325	597.9239821852051	90	150	0	15.821815386870203	736.4599704742432	159.69667356179465	220.30655196509514
1842003	3	785.0	697.0	774.4711308803187	711.5786509410932	90	150	0	17.983162908721486	720.4411029815674	138.2249873507162	221.31304452067434
1842003	4	1.0	1199.0	462.83637929662666	1075.2032105125713	0	0	250	478.1406553820877	1087.2421264648438	561.0	1278.512258280541
1842003	5	997.0	629.0	1002.5606006584677	676.5335373069204	360	75	0	47.857679097416984	1113.0280494689941	185.31191633140065	539.9291918310041
1842003	6	149.0	397.0	-145.03059625336667	400.3303328314162	0	0	125	294.0494561292	1469.6907997131348	1225.0	1276.0171882200725
1842003	7	1440.0	956.0	1346.4824105806233	958.4494847356544	0	150	125	93.54966331463368	845.8051681518555	434.99999999999983	894.5607374921873
1842003	8	1011.0	285.0	960.5370069152995	100.06511207727112	90	150	62.5	191.696182648635	1022.860050201416	590.237798412622	584.4981690620691
1842003	9	801.0	671.0	844.6785292017051	721.5590126106348	0	75	125	66.81337941899464	653.1519889831543	276.00000000000017	289.582033577938
1842003	10	1454.0	556.0	1900.4168630738084	141.46039271290795	90	150	125	609.2053033636493	1573.5669136047363	1061.2488029853246	736.5178379747167
1842003	11	392.0	498.0	554.7565848780591	424.40028922374756	90	150	62.5	178.6242518459262	735.9089851379395	315.2723902329151	824.3109258853686
1842003	12	924.0	665.0	953.7248221650674	537.6727350804971	90	150	250	130.75089844672638	665.9369468688965	264.54872339908695	75.40891661521295
1842003	13	832.0	964.0	949.8743133759095	717.1629656399535	90	75	62.5	273.5377035903915	646.881103515625	163.71717448201525	495.06583576187296
1842003	14	1172.0	821.0	1144.0461464268656	793.269441679981	360	0	0	39.37514183248379	839.3330574035645	79.63438509236235	309.5480321178687
1842003	15	1007.0	267.0	1060.0052295878152	174.7070637710691	360	150	250	106.43091863464537	1433.696985244751	318.5704484108291	422.2283000666884
1842003	16	840.0	621.0	810.01313898157	680.9215085627583	90	75	62.5	67.00596258673812	623.8858699798584	245.93383310580717	206.3577492021745
1842003	17	1075.0	763.0	1075.1971882062717	763.4919197678246	0	0	125	0.5299700431809644	2437.9260540008545	0.0	228.70427011999973
1842003	18	1316.0	501.0	1267.1894140546424	433.0914600141095	360	75	250	83.63039581004286	1426.3761043548584	228.9852932299314	422.65471630217223
1842003	19	1023.0	634.0	897.3481255028421	545.0154208741909	90	0	125	153.96963624964144	692.7220821380615	279.7122301085536	75.55739974103203
1842003	20	958.0	605.0	965.8256872976847	590.5422792314633	0	0	62.5	16.43980144351262	599.0719795227051	209.99999999999997	5.0
1842003	21	1140.0	742.0	1179.1179692405342	786.1155917193852	0	150	0	58.96101212033987	615.5898571014404	230.99999999999997	236.10302444304776
1842003	22	769.0	647.0	765.8415063568384	647.9841572419313	0	0	125	3.308269573468571	2375.1909732818604	0.0	202.52687401044398
1842003	23	919.0	495.0	938.4390688269991	500.4825215154747	360	0	125	20.1974116913146	1077.0270824432373	128.7566284017666	137.04160885577215
1842003	24	0.0	659.0	-256.13293057210996	580.8775102861163	0	0	250	267.7820037316794	1378.0291080474854	1080.9999999999998	1132.7813831668093
1842003	25	193.0	971.0	158.63852701089445	922.9070033239898	0	75	250	59.10708210747474	1186.1248016357422	820.0	1013.0068471833183
1842003	26	1103.0	1040.0	1154.5644461394857	1303.239738371664	0	0	125	268.2425245252029	997.0371723175049	560.9999999999998	507.54405445696693
1842003	27	1107.0	468.0	1105.8494513611079	463.14994505787064	0	0	250	4.984655967278984	4321.086883544922	0.0	257.11603061676465
1842003	28	737.0	653.0	727.5801474146966	633.2772200477407	90	150	0	21.856844963857174	632.8880786895752	211.03114740463354	270.5594293052766
1842003	29	1280.0	275.0	1526.0995772283447	303.40113172751086	90	150	62.5	247.73297357310642	1118.6771392822266	685.956047761507	626.5351447830601
1842003	30	633.0	371.0	631.1088190473032	383.2731246260042	360	0	0	12.417977028537027	1199.9750137329102	221.00728289949697	477.96788308970906
1842003	31	766.0	618.0	760.7032563246271	616.7573255739901	0	0	250	5.440563692455217	3754.43696975708	0.0	393.3435149550016
1842003	32	1085.0	795.0	1010.2196089588638	751.6631589230277	360	0	250	86.43025326120478	1387.1510028839111	151.07451790888584	282.70636555908516
1842003	33	112.0	1111.0	-44.844164957128264	1285.0487807219872	90	0	125	234.29270187504616	1557.1129322052002	1180.0829785977298	1075.0744227782789
1842003	34	859.0	378.0	856.1234618585249	376.19317050877345	360	0	0	3.396925740979162	847.5089073181152	83.92287768649152	408.45969811598997
1842003	35	359.0	826.0	281.33646518555986	852.3660098299264	0	150	62.5	82.01701722341242	964.7970199584961	528.0	866.1969529435102
1842003	36	1281.0	1013.0	1242.629718041094	1161.2535309644343	90	150	62.5	153.13846016278345	927.0429611206055	485.8299082452153	876.0762507305097
1842003	37	967.0	627.0	987.8636011968164	545.6517443718075	0	0	125	83.98112019168092	636.5070343017578	253.00000000000003	42.474110341118276
1842003	38	927.0	578.0	906.1654262276916	600.2907496546266	0	0	0	30.511587707607028	568.3948993682861	190.00000000000009	51.87706559997116
1842003	39	1062.0	775.0	1060.1497690215797	773.1185251927831	0	0	0	2.638806950820424	3351.649045944214	0.0	226.08188793210746
1842003	40	913.0	1088.0	898.2017280337891	1272.6628413643004	0	75	62.5	185.2548348462807	1150.482177734375	741.0000000000003	775.4094643021294
1842003	41	1714.0	1062.0	1773.4888504716534	1190.0053980354992	90	0	0	141.15348120632845	2799.3340492248535	1468.7350073014434	1461.098865944237
1842003	42	615.0	684.0	814.4551837307988	503.7637777486941	90	0	250	268.82608900273954	2986.154079437256	816.3754034199843	2208.4408283865637
1842003	43	752.0	123.0	785.428911057329	-19.84967378466794	90	0	62.5	146.7089683518525	1332.3640823364258	785.5107877502912	872.955193675627
1842003	44	1248.0	809.0	1222.2051630517499	803.2135425545393	0	0	0	26.435897997891743	879.8561096191406	434.99999999999994	407.6068157905529
1842003	45	1919.0	1151.0	1959.806515301354	1059.015759910749	0	0	125	100.62937998336574	1438.075065612793	1176.000000000001	1259.5283361792551
1842003	46	770.0	150.0	775.1755909412484	179.10799797268714	0	0	0	29.56454443364706	743.7031269073486	324.99999999999994	500.56252297661354
1842003	47	1476.0	632.0	1589.712467660757	647.0103565118968	0	75	62.5	114.69889321224056	903.8660526275635	435.00000000000017	716.3381053762054
1842003	48	1027.0	736.0	1047.7933395507403	671.3646352816589	90	150	0	67.89766816279737	584.244966506958	203.54478798555726	162.969227149573
1842003	49	1697.0	616.0	1588.2593622850156	676.6521125309096	90	0	0	124.51186708552561	1224.1830825805664	722.7297537379535	826.3927286843367
1842003	50	997.0	795.0	998.4618015059029	796.2668841779492	0	0	125	1.9343885760100574	2772.125005722046	0.0	260.73479465833617
1842003	51	2.0	0.0	-37.12236594332913	20.845666524979826	0	0	250	44.32946345123549	1945.4479217529297	1325.0000000000005	1344.7052536850933
1842003	52	1045.0	779.0	1031.632798276502	813.0608743753227	0	0	62.5	36.589960988339435	774.7430801391602	377.9999999999999	273.43462888044917
1842003	53	1036.0	1196.0	1038.8140804456166	1352.6446633099818	0	0	125	156.6699383808264	973.1268882751465	560.9999999999995	610.218053161643
1842003	54	826.0	18.0	829.3327059300879	71.9264009200166	90	0	0	54.02928506840351	1271.8000411987305	448.59251697371235	841.6967701674633
1842003	55	618.0	1194.0	686.8266506572294	1410.9689304495696	0	150	250	227.62386654549752	1187.7388954162598	665.9999999999999	894.051704892934
1842003	56	948.0	594.0	974.1941120768516	584.0015514270125	0	0	0	28.03748350621612	591.576099395752	210.0	21.714776642118863
1842003	57	1654.0	546.0	1720.476936204595	583.0451471979695	90	75	0	76.10207604309502	1032.9790115356445	575.3344451704746	715.1522842022342
1842003	58	622.0	419.0	670.8987126733213	432.1760562553586	360	75	125	50.64279375737878	1829.1041851043701	357.1298890396009	908.2391647565051
1842003	59	277.0	1199.0	145.00598074802076	1393.6599371571415	90	150	250	235.19122486248108	1338.2840156555176	978.5511149619483	955.8645477599124
1842003	60	960.0	600.0	957.4618534839813	632.5150460805635	0	0	250	32.613960344581656	698.9719867706299	230.99999999999983	1.0
1842003	61	1090.0	560.0	1068.4842854591911	554.2703471176345	360	75	125	22.265553987133867	940.9019947052002	122.13497752843591	162.14708261241248
1842003	62	1398.0	0.0	1320.961625372412	-139.63658439555056	0	75	125	159.47817050278792	1040.0099754333496	630.0000000000001	782.4426249420858
1842003	63	1140.0	928.0	1154.1281042147773	801.6003136952514	360	0	250	127.1868075967097	1969.8879718780518	478.75518340894337	864.1805781919717
1842003	64	866.0	334.0	967.1491141731548	402.72030057449786	360	75	62.5	122.28500729469346	2206.860065460205	532.8560378644452	1261.2933171998232
1842003	65	753.0	1199.0	1311.4120045808047	1494.599937896139	90	75	250	631.8253636442224	1362.2939586639404	979.898753434238	1051.4083759611256
1842003	66	710.0	579.0	677.9329918411132	561.6867780616051	360	75	62.5	36.442292273541604	1055.7658672332764	261.3865348033672	337.5694878884456
1842003	67	857.0	1054.0	840.363375925945	1176.3504843124438	0	0	62.5	123.47638750818302	927.1941184997559	495.9999999999997	544.9984644192829
1842003	68	53.0	1199.0	-105.24179789310872	1354.286975718326	0	0	250	221.70816725639006	1410.398006439209	1128.0	1147.4686841683053
1842003	69	723.0	61.0	740.8525481549415	42.822302698662995	90	150	125	25.478268285021628	997.6320266723633	554.5981171154119	858.0850941000301
1842003	70	955.0	357.0	983.9846505902678	485.4540874820768	360	75	250	131.68356982058523	1234.6539497375488	205.21532932623802	288.8543538960648
1842003	71	1122.0	713.0	1126.578931383351	710.686311796811	0	0	0	5.130279301852073	3992.072820663452	0.0	1529.1717551759334
1842003	72	952.0	528.0	913.7561848161168	513.5411852994333	0	0	0	40.885776528816656	527.8661251068115	171.00000000000045	83.08972429850735
1842003	73	1422.0	157.0	1532.8413570004059	60.360205268573054	0	75	125	147.0546032853911	1108.9890003204346	629.9999999999999	687.96712068285
1842003	74	873.0	501.0	877.827788029609	505.3243354539137	360	0	62.5	6.481312704754412	1310.058832168579	140.3625210684391	1033.84920038927
1842003	75	1030.0	272.0	980.6894704908361	154.63285108142534	0	75	0	127.30505082575868	783.7469577789307	351.00000000000006	348.57983498651885
1842003	76	765.0	1067.0	686.4051425221552	1102.125068136908	90	75	125	86.08671229397238	917.8488254547119	492.4767817757891	564.0383973912494
1842003	77	1389.0	751.0	1363.68131269222	708.9165198935891	360	150	0	49.112678860512396	1208.9200019836426	273.71123754876817	549.156748744197
1842003	78	1033.0	805.0	1015.3224032472076	792.1963363307254	0	0	250	21.827304696417226	1330.3370475769043	0.0	255.30345538500998
1842003	79	886.0	97.0	917.4038855175937	-61.526616851008264	360	75	250	161.607216038853	1802.81400680542	486.7221009668685	673.2949955985191
1842003	80	0.0	517.0	-89.44142102727119	360.5914249498267	90	150	250	180.17605319410035	1706.6638469696045	1299.847521819185	1425.8061518107038
1842003	81	1868.0	907.0	2010.0859592642337	900.3092476876249	360	75	250	142.24340401770138	2066.8599605560303	1035.065206743368	1598.624220758549
1842003	82	0.0	808.0	330.45593027779387	793.5857801054757	0	0	62.5	330.77014918358316	950.9129524230957	561.0000000000001	1347.2996553924374
1842003	83	1776.0	17.0	1826.1384131233622	-20.707857550106535	0	150	62.5	62.73550024944459	1279.958963394165	903.0000000000008	1393.071929601096
1842003	84	905.0	487.0	905.7946885221982	492.91221394334906	360	0	62.5	5.965383773006103	1639.7738456726074	197.7337786745472	774.9654236237078
1842003	85	333.0	670.0	299.44216964569785	706.8015849743348	360	75	125	49.80446400385519	1429.05592918396	546.2433896223288	791.8152351357577
1842003	86	450.0	387.0	349.15147868527635	342.0682165091787	0	0	62.5	110.40511500393592	1038.8519763946533	630.0000000000002	948.1638192063502
1842003	87	445.0	261.0	306.94518483384473	220.90050988389862	0	75	125	143.760568648474	1061.2001419067383	630.0000000000001	719.7946836439893
1842003	88	966.0	1015.0	958.9307544023143	922.0576652784023	360	150	0	93.2107923838324	1080.8708667755127	345.2636315345684	427.3027207061064
1842003	89	873.0	0.0	764.942248707354	100.08763917518365	360	150	250	147.28887646419568	1522.0730304718018	382.30812270393085	852.8832461686314
1842003	90	508.0	1199.0	626.2193916503505	1252.077158246967	0	0	250	129.58784391196784	1075.200080871582	703.000000000001	908.1689927073314
1842003	91	1489.0	996.0	1615.107318709867	1106.8028901446266	90	0	125	167.86999820275864	1228.6739349365234	742.8419994986311	1095.9980129947721
1842003	92	957.0	653.0	831.2727068904586	620.6097435125005	90	0	250	129.83251113638116	739.1250133514404	314.8374688371732	57.40698736101322
1842003	93	729.0	609.0	721.8083838256017	609.1474560025351	0	0	62.5	7.193127725304949	678.8220405578613	300.0000000000001	272.54512559503456
1842003	94	592.0	1199.0	715.9339576039602	1016.9242122723903	0	150	125	220.25262387542583	733.191967010498	325.00000000000006	766.9477192315353
1842003	95	756.0	327.0	786.2796480119634	371.2448737684987	0	0	62.5	53.614046093526504	789.931058883667	351.0	405.1095331075117
1842003	96	678.0	1199.0	996.1750370295172	1254.8422709088852	90	75	250	323.0382537858263	1026.108980178833	542.1107738656542	752.4440183225182
1842003	97	1476.0	805.0	1471.5534117927346	805.5086642061478	90	0	0	4.475587778114533	977.0519733428955	373.6211030372629	923.267486529478
1842003	98	477.0	794.0	491.04601017087504	790.5127661886282	0	0	0	14.472429007443754	750.8509159088135	324.9999999999999	539.7306920915139
1842003	99	1022.0	0.0	1097.4861052864744	-273.06161004430186	0	150	250	283.30336208966366	1098.0079174041748	702.9999999999999	647.3298552368118
1842003	100	1127.0	706.0	1128.7908438157758	707.2830417352079	0	0	62.5	2.203024663227315	1484.1909408569336	0.0	288.380827501703
1842003	101	192.0	981.0	314.57609588762534	757.5922554991978	360	75	250	254.82527265949906	1098.0560779571533	494.98376064180485	857.6805223422675
1842003	102	1291.0	656.0	1251.930262435122	691.4052630737675	90	0	62.5	52.72548763843851	1295.4139709472656	346.05184261529206	1074.0171111500417
1842003	103	600.0	885.0	630.0645886723166	847.3790084971674	0	0	0	48.15826506106496	623.615026473999	230.99999999999991	465.0020565393754
1842003	104	996.0	595.0	946.8904842032165	562.4335968078532	0	0	62.5	58.92635368549457	623.0778694152832	230.99999999999977	79.97909738611595
1842003	105	623.0	500.0	612.1209345106748	499.5532402038743	360	150	62.5	10.888234945869796	1143.589973449707	209.86825944038748	633.2953989147865
1842003	106	954.0	741.0	958.5803631172757	716.4189448871874	360	0	125	25.004159588860997	1501.2710094451904	232.42533551576855	334.16581629305693
1842003	107	817.0	1199.0	786.1608517168298	1444.1389468726297	0	150	250	247.07115643201521	1218.5249328613281	861.0000000000002	676.2525331040265
1842003	108	1786.0	1145.0	1751.492402652967	1177.29731958019	90	150	250	47.26405745098371	1242.2521114349365	868.9824959367411	1038.8360533169948
1842003	109	710.0	0.0	829.0875117190951	-39.37818961939199	0	150	62.5	125.42917230511571	975.0559329986572	528.0000000000001	965.088366834525
1842003	110	1918.0	919.0	1560.7231524517974	927.2334540760733	90	0	250	357.3717050355335	1226.4320850372314	503.8229443465384	1038.2750824103875
1842003	111	1209.0	674.0	1193.3613361731725	644.119260720408	360	0	250	33.72575256659927	1386.4929676055908	94.50856591160188	333.9081840626254
1842003	112	1643.0	0.0	1694.601018412381	161.85251253166797	0	75	250	169.87907732857698	1258.194923400879	946.0	1045.4220914136058
1842003	113	1608.0	243.0	1520.0678950725778	300.7546957258965	0	0	125	105.20294651462036	877.3348331451416	435.00000000000006	761.4037723839425
1842003	114	826.0	661.0	948.9843963297731	733.8656198950948	0	75	125	142.9495026339551	692.202091217041	299.99999999999983	160.94019328721473
1842003	115	892.0	846.0	812.0275515290107	871.4436876940116	0	0	0	83.92242702588766	752.4371147155762	325.0000000000004	288.9106686950532
1842003	116	1112.0	395.0	1095.9427571071421	402.3771727890996	360	0	125	17.670815705011055	1421.1549758911133	157.12202327005582	562.5720722933893
1842003	117	1173.0	612.0	1203.026696075216	601.1576956003289	360	150	125	31.924254758545583	1613.4109497070312	332.4028337044159	745.876322807501
1842003	118	402.0	780.0	334.88663130144187	776.7435926898738	0	75	62.5	67.19232431340686	903.548002243042	465.0000000000001	843.3813080772411
1842003	119	971.0	644.0	994.0916263986461	620.9083821915718	90	150	0	32.65648515601712	544.0349578857422	167.48969714689628	70.97416483162598
1842003	120	1350.0	0.0	1130.9944747580723	-212.23880566761198	0	75	250	304.97332787918845	1106.208086013794	741.0000000000001	774.8500243566216
1842003	121	904.0	509.0	803.0973775179675	601.5037159786864	0	0	125	136.887825220569	750.0908374786377	325.00000000000057	122.55144704766522
1842003	122	1153.0	395.0	1150.0054014843395	366.4143720913771	360	0	0	28.742055305775118	1992.891788482666	208.12671151498105	659.7967517131318
1842003	123	511.0	391.0	491.3913809670358	416.29590177615694	360	75	125	32.00594612019626	1076.5089988708496	313.21488757386163	527.9752957894065
1842003	124	1557.0	0.0	1547.103073152759	-233.96739919311315	0	0	250	234.17662788205232	1161.2591743469238	820.0	898.8468447695851
1842003	125	1280.0	527.0	1323.0478765070252	592.2583013623508	360	150	125	78.17778180828292	1668.576955795288	293.6039897330979	481.0794372031014
1842003	126	722.0	0.0	755.9655763646017	20.792106383661014	0	0	125	39.824264784790024	845.8819389343262	435.0	686.2949828228077
1842003	127	415.0	456.0	319.91298255262853	419.8935231900654	0	150	0	101.71144751041088	912.9738807678223	465.00000000000017	606.3105420824289
1842003	128	1919.0	533.0	1776.8102058901827	617.5479974721858	90	75	250	165.42763198918422	1090.7859802246094	626.3322149259219	997.1755065155105
1842003	129	985.0	332.0	1015.7164660128336	309.44613819636635	360	75	62.5	38.107452900646194	869.0311908721924	131.41162173847442	469.49718262288184
1842003	130	1919.0	493.0	2017.4516528263266	522.0993731787677	0	0	250	102.66207412493053	1426.6448020935059	1175.9999999999998	1140.7506224682656
1842003	131	292.0	606.0	382.1356591793986	472.63919525166403	0	0	250	160.96441003783568	1018.6731815338135	630.0	756.7860686968164
1842003	132	1075.0	540.0	963.9909335777332	422.6244322668866	0	150	125	161.55505788620152	756.9479942321777	350.9999999999999	145.39065546141964
1842003	133	1076.0	440.0	1074.8644865585238	436.2741629196946	0	0	62.5	3.8950292328494287	2440.3209686279297	0.0	283.2293243109228
1842003	134	1665.0	1199.0	1875.5161774830378	1186.6330143267742	90	0	250	210.87912015349377	1610.511064529419	1038.924398999657	1553.6686857495947
1842003	135	178.0	1134.0	335.14298004496345	1028.1818627146367	90	75	250	189.45024242780943	1059.3559741973877	625.6163838369558	988.63146519596
1842003	136	1011.0	788.0	1004.9498675809734	794.8833225405729	0	0	250	9.164291106534904	1482.2230339050293	0.0	253.9818497075389
1842003	137	776.0	0.0	514.2341091464427	80.01239728506661	360	150	250	273.7213278750119	1906.052827835083	563.0231475590384	1357.667967108349
1842003	138	1312.0	391.0	1340.198649221933	342.52761193805054	90	75	62.5	56.077947736787266	1263.4148597717285	689.0018278226966	1391.277774411178
1842003	139	1139.0	446.0	1099.5665972403535	481.48649212764417	90	75	0	53.049829186622695	616.1959171295166	221.61570404409719	240.46308048531458
1842003	140	766.0	548.0	768.1005875494618	543.6562736310581	0	0	0	4.824979463292605	1320.0020790100098	0.0	215.50922501198633
1842003	141	741.0	0.0	846.8446518847733	16.845630746932628	360	0	250	107.1767960328673	2578.0880451202393	506.37178225174097	848.2610451479185
1842003	142	956.0	548.0	942.8865058053573	548.5762908595366	360	150	0	13.126151040869289	535.7389450073242	150.2811079972969	57.09274256825067
1842003	143	1070.0	438.0	1070.3104031603166	433.1718999850192	0	0	0	4.838067783381313	1328.28688621521	0.0	217.94205077920603
1842003	144	248.0	921.0	160.97747842265863	861.8315682487469	90	150	62.5	105.2322316478252	1382.106065750122	834.4629549926358	1531.0855891310673
1842003	145	1289.0	1064.0	1281.6149092947323	1122.9494754869738	360	150	62.5	59.410270365605626	1319.3728923797607	431.0415430341397	791.2131113327089
1842003	146	1200.0	680.0	1152.633898725302	653.7790020536834	0	0	125	54.139526071675974	1053.062915802002	0.0	274.7555474566325
1842003	147	1072.0	766.0	1071.7908668653183	765.8396879082347	0	0	250	0.26350832014936326	2170.2518463134766	0.0	287.5193190751611
1842003	148	1455.0	1144.0	1423.682242989362	1213.7866790034138	90	75	62.5	76.4917150448523	1175.0187873840332	588.8199205839198	942.3611152908545
1842003	149	1275.0	865.0	1237.1487784953517	782.9987274603429	90	0	125	90.31568893341324	950.1540660858154	354.59621754025864	448.62483968858976
1842003	150	1284.0	621.0	1262.4205766085806	510.00567979824496	360	150	250	113.07259009572509	1130.0280094146729	191.8247889854912	371.7771315962967
1842003	151	896.0	0.0	922.1075929826949	16.93160671697159	90	75	62.5	31.1172896854507	814.4991397857666	385.9464760299378	735.3509974804439
1842003	152	731.0	385.0	785.2594657656895	428.1488468211975	360	150	0	69.3246897373309	1128.9222240447998	409.0075494839022	744.0321845167097
1842003	153	770.0	901.0	783.2381588673951	970.3782952004694	0	150	0	70.62999854963805	720.0851440429688	299.99999999999983	406.19177184664767
1842003	154	1003.0	225.0	994.7875143904924	460.73673780484876	360	150	250	235.879745783224	1130.0559043884277	283.18695277059004	395.39741195472897
1842003	155	766.0	1129.0	881.4570738408987	959.1196065612655	0	75	62.5	205.4012754945839	720.4811573028564	324.99999999999994	745.9472726154177
1842003	156	815.0	350.0	905.0830441159844	432.4718579278227	360	150	125	122.13337867785928	1013.0009651184082	244.34583824713226	308.8867271174305
1842003	157	958.0	714.0	976.270042362003	693.9464610676123	360	0	62.5	27.12819329815705	913.2640361785889	154.65758648710167	180.45936202139538
1842003	158	1101.0	359.0	1039.9974723828493	139.0227370769789	0	0	125	228.2790059965769	941.4000511169434	528.0	321.5896908477135
1842003	159	1272.0	578.0	1351.146507570446	561.1511209429267	90	75	125	80.92004934550236	901.3419151306152	444.58822846155425	328.98757351036295
1842003	160	1110.0	399.0	931.2751914670619	273.18198199959795	0	75	250	218.5697390735618	905.7438373565674	496.0000000000007	272.268796622598
1842003	161	511.0	787.0	513.5714033477017	728.5049011316871	90	0	62.5	58.551590130330965	950.8340358734131	423.3769297182831	765.3964377239993
1842003	162	1315.0	951.0	1423.1537433689143	1046.7690277112954	90	150	125	144.46085585194297	917.2430038452148	484.7032774515477	510.6353819329861
1842003	163	769.0	880.0	739.9749689964871	904.1614855429038	360	75	0	37.7654578734965	1217.0770168304443	231.9436483601756	604.9522626968765
1842003	164	750.0	940.0	722.6569731303795	928.5695808323276	90	75	0	29.636052381204273	751.7950534820557	296.7392510214506	405.6975107801625
1842003	165	1094.0	633.0	1269.772653108051	338.733678922349	0	150	250	342.7662371080594	962.3160362243652	560.9999999999998	199.07169959001342
1842003	166	1075.0	31.0	847.3738634053431	55.47819585978887	90	150	250	228.93850731923538	1082.4799537658691	647.4707602500382	686.6952989899216
1842003	167	1151.0	383.0	1175.537966794647	358.24466729505644	90	0	0	34.85596522473085	1433.2408905029297	445.79308293088167	1132.3993192474434
1842003	168	844.0	514.0	914.1689065556022	645.3140345526381	90	0	125	148.88603399144012	764.8839950561523	256.75508717901414	215.50961894302165
1842003	169	1045.0	692.0	1054.7809063873353	633.560562942581	360	150	0	59.252290532483684	951.7810344696045	204.14410048823967	207.60734018914226
1842003	170	631.0	54.0	647.6756071527793	-129.9437549334496	90	75	125	184.6980802632523	1124.9980926513672	660.3145725181847	799.5752966790509
1842003	171	931.0	141.0	709.1978388156634	154.75351829436485	0	150	250	222.22816646752014	1026.7460346221924	629.9999999999997	481.45332096033354
1842003	172	874.0	630.0	890.2953264485521	641.1435167711152	360	75	0	19.741216530219415	1000.399112701416	272.3567507889853	579.6205420081309
1842003	173	1363.0	333.0	1706.8203243300657	273.8282832989497	0	150	125	348.874916667537	1101.254940032959	740.9999999999994	526.3752557202089
1842003	174	820.0	1027.0	851.4811407853383	999.9163890084109	360	150	62.5	41.52811348339843	951.8818855285645	221.67361483639527	744.5834020082339
1842003	175	1089.0	793.0	1085.305697372323	762.6873955842	360	75	62.5	30.53689339755503	2286.947011947632	267.4311694660442	1011.0014038877067
1842003	176	1919.0	1199.0	2095.7634239102313	1148.1155500024229	0	0	250	183.9416627195265	1378.2129287719727	1127.9999999999998	1207.0609441674026
1842003	177	976.0	367.0	1104.7336882221907	363.45593882668373	0	0	62.5	128.78246329717572	758.5430145263672	350.99999999999994	304.66025286848577
1842003	178	1279.0	347.0	1402.2957408153302	358.4970910548026	0	150	62.5	123.83062143881658	801.8491268157959	406.0000000000002	610.4145471179061
1842003	179	1081.0	512.0	1040.378705292274	523.1761514303128	360	0	62.5	42.1307007362234	871.783971786499	102.1768261315499	254.81604695280097
1842003	180	1197.0	745.0	1221.8644327345319	721.414149834731	90	75	0	34.2714508480248	664.4189357757568	236.6344046001032	300.7386441419473
1842003	181	955.0	192.0	888.12084909319	133.0959329923124	0	0	125	89.12076041003021	908.768892288208	496.0	412.7316904271701
1842003	182	958.0	602.0	878.947710200661	424.0430711272011	360	75	62.5	194.7252758538477	96.00186347961426	9.640227482806145	0.0
1842003	183	1006.0	352.0	1059.306359298456	329.3327010107549	360	0	0	57.925593524140325	951.9171714782715	142.29114218587486	453.41736325950524
1842003	184	815.0	628.0	823.7282269393517	371.5275772294275	0	75	250	256.62089857864675	858.5259914398193	435.0	174.11119164003543
1842003	185	861.0	547.0	862.0049075078981	578.8559098269093	90	75	0	31.871755991780645	536.2939834594727	158.8305271273172	167.66683725871965
1842003	186	1042.0	451.0	945.1451755118475	309.29164470818597	360	75	125	171.64531740231607	1293.5080528259277	163.83494352174225	839.0043102824601
1842003	187	841.0	756.0	887.8429085529211	732.7375954172312	0	150	0	52.30102817985278	504.8229694366455	152.99999999999997	229.3039275104725
1842003	188	1115.0	472.0	1114.6655231419904	473.19867527815643	0	0	125	1.2444666291256443	1279.026985168457	0.0	309.8536562695175
1842003	189	1179.0	217.0	1202.7048184268567	176.62187526705134	360	0	250	46.82212483003955	1554.5740127563477	296.4191488202884	562.5573597757977
1842003	190	987.0	412.0	1012.902660507275	410.694305432625	360	75	0	25.935548185037742	1144.5519924163818	176.84685233986767	531.1342351080532
1842003	191	1123.0	838.0	1094.0215804400125	903.8814642514545	0	150	125	71.97302364157245	805.0839900970459	405.99999999999994	362.31894586446856
1842003	192	1029.0	0.0	1143.2854435164284	-123.16284649491338	90	75	250	168.01859824577855	1114.2959594726562	594.0143712299724	805.1267953536814
1842003	193	1296.0	107.0	1243.3275816439357	270.00050363175507	90	0	62.5	171.2995850540277	690.8178329467773	240.65130794429015	772.3382800647133
1842003	194	989.0	475.0	960.2452266085705	426.87014052459114	360	0	125	56.0653223117023	1021.0540294647217	209.07087175734424	135.47724571046487
1842003	195	794.0	709.0	792.5292716039443	709.3323151245528	0	0	62.5	1.5078048139501372	1130.021095275879	0.0	270.34716628708793
1842003	196	989.0	505.0	985.2637545520686	634.4095222651533	0	150	62.5	129.46344651268328	594.304084777832	231.00000000000023	158.6922529827964
1842003	197	1165.0	751.0	1224.224680718359	762.7190472513332	90	150	0	60.37299789368208	623.953104019165	219.13507675335717	280.00887532682265
1842003	198	870.0	492.0	884.5625782622386	483.3672998459282	360	150	62.5	16.929034160103058	824.347972869873	159.2612718147013	212.24670888969172
1842003	199	1225.0	738.0	1120.1754567193755	687.8692117969199	360	150	125	116.19501194050287	844.947099685669	201.07631078950675	346.40473836185896
1842003	200	927.0	916.0	905.8009503275995	932.2351021723962	360	75	0	26.70165256236115	800.3389835357666	164.70755701760442	429.35574258575696
1842003	201	950.0	671.0	886.9658825295938	679.1880653988015	0	75	0	63.563703323894	640.1221752166748	253.0000000000001	87.68792235274078
1842003	202	1002.0	1199.0	970.3393170359341	1316.9020930011081	90	0	250	122.07908248259834	1218.832015991211	603.4270588396311	636.3143946888684
1842003	203	1222.0	17.0	1105.645095797781	78.52639274795246	90	150	125	131.62051791602568	805.2318096160889	370.4427008390967	682.9313774462652
1842003	204	669.0	469.0	613.6292770865514	488.23886936242496	0	75	0	58.617839010853665	591.9978618621826	209.9999999999999	326.87654007748546
1842003	205	1090.0	272.0	1097.7964501417175	239.98361360317634	0	0	0	32.95198981431929	584.726095199585	210.0000000000003	360.59952930669033
1842003	206	1067.0	247.0	894.3662781536071	382.2419623747076	90	75	125	219.30068468999264	700.9451389312744	269.7864371470607	386.42111805548274
1842003	207	903.0	779.0	895.843225901675	789.4304841816556	0	0	62.5	12.649680460716118	888.1878852844238	0.0	239.86730755483535
1842003	208	1193.0	308.0	1256.941827950263	300.75981074454916	0	75	0	64.35042891912818	640.3069496154785	253.0	421.13009009798606
1842003	209	939.0	724.0	998.8618739335685	760.1123577430117	0	75	0	69.91098863982475	625.0240802764893	230.99999999999986	128.05266536571685
1842003	210	905.0	867.0	870.9768935093103	889.2682772540415	0	150	0	40.66261116971798	735.8191013336182	324.9999999999999	322.4748949492952
1842003	211	1345.0	259.0	1388.9750108259625	275.4664087038207	90	0	62.5	46.95683329127702	1119.3010807037354	490.7586814645904	1112.9651425440984
1842003	212	857.0	705.0	848.6482335926677	617.4074825090546	360	150	125	87.98977851162157	637.4189853668213	207.88437690867246	171.68779318564953
1842003	213	932.0	698.0	864.2024873551919	643.2416053775006	0	75	62.5	87.14920827211388	622.9121685028076	252.99999999999972	200.02424617090048
1842003	214	875.0	905.0	822.672614858913	903.7305782758907	90	150	125	52.342780468917525	789.8979187011719	365.6420794582087	330.9887808523233
1842003	215	769.0	660.0	768.834081291969	658.7842795695794	0	0	62.5	1.2269902944264148	1391.3509845733643	0.0	347.9194061137681
1842003	216	1158.0	638.0	1156.868770228131	635.2517702940338	0	0	0	2.971943356377711	1047.7280616760254	0.0	207.25323603210717
1842003	217	825.0	699.0	830.0744722877379	697.5405207083036	90	150	0	5.280184542410462	511.52491569519043	144.76247929729197	175.85255432052134
1842003	218	1026.0	514.0	999.3949185540446	546.0289243828223	360	150	62.5	41.637511403378454	1256.6828727722168	277.49150625946106	800.430787391631
1842003	219	955.0	999.0	980.7631883145807	1092.3946258333601	0	0	0	96.8829087439363	720.984935760498	299.9999999999997	404.08083647833587
1842003	220	780.0	1024.0	760.4613622619285	1026.4040244080031	0	0	62.5	19.685977192252057	695.1138973236084	300.0000000000001	644.8964824033541
1842003	221	759.0	585.0	757.5669533531951	587.3274192873001	360	0	125	2.7332221334562927	1165.0547981262207	88.3122604975087	213.92729908177137
1842003	222	826.0	497.0	863.9913044253248	475.698554402652	360	0	62.5	43.555605798501716	1288.081169128418	163.92314738321295	518.9060711948276
1842003	223	434.0	1050.0	464.4416033384006	1051.6042431025178	90	75	125	30.4838450616798	917.6669120788574	484.3857525413319	708.5653150930232
