user_id	turn	x_curs	y_cursl	x_targ	y_targ	angle	min_tim	lag	dist	elapsed	targ_dist_trvl	mouse_dist_trvl
1841001	1	940.0	725.0	990.6747239559164	711.667327005712	90	150	0	52.39931122811584	815.7839775085449	174.16383648998615	205.06689786767814
1841001	2	730.0	729.0	703.8781313771772	714.3918626155117	90	150	0	29.92907780390334	600.5761623382568	103.22692864568378	299.23869431692407
1841001	3	884.0	761.0	876.3886794061473	762.6902904926787	90	150	0	7.7967482409044555	600.5771160125732	94.27761673681243	183.3870833295743
1841001	4	762.0	804.0	673.8683712397597	867.8808607523243	0	150	62.5	108.84828137545708	683.6550235748291	300.00000000000006	320.66333228161284
1841001	5	763.0	594.0	639.2784974892644	589.5492422472063	0	0	0	123.80153241413456	472.44882583618164	135.99999999999994	200.80915054260373
1841001	6	1085.0	751.0	1092.8991281700805	749.4584281050504	0	0	125	8.048146976457266	1613.548994064331	0.0	403.20360036877605
1841001	7	1124.0	509.0	1141.3572077207566	477.54849717701455	360	150	0	35.92310801817897	1200.1409530639648	247.79426765296188	448.1481019106563
1841001	8	567.0	581.0	421.218971313284	446.6491236809883	90	75	250	198.24799190065835	929.893970489502	433.78473231026055	685.9677706659029
1841001	9	663.0	272.0	664.5129326970632	385.0263556465454	360	150	62.5	113.03648099655798	751.7240047454834	169.67689961455315	633.754212763458
1841001	10	627.0	414.0	584.20644727837	395.22123803798013	0	0	0	46.732537437690375	616.5928840637207	231.0	386.5625751674698
1841001	11	1106.0	131.0	1148.5584834641386	137.69761579623267	90	0	62.5	43.08227677504177	842.8101539611816	313.85623768875604	619.3057595072521
1841001	12	977.0	474.0	940.529061055466	490.6652995305622	360	150	62.5	40.09814953260671	646.6209888458252	171.54324404255067	163.91161795248405
1841001	13	986.0	456.0	1187.6188354387236	379.2194968286832	0	150	125	215.7438306670847	852.8120517730713	435.00000000000017	331.0404322839376
1841001	14	984.0	782.0	1143.0385289523663	1101.3086300961859	0	75	250	356.72293863057854	809.7670078277588	405.9999999999999	199.55790496778027
1841001	15	719.0	612.0	675.8292150791154	699.7773786512939	360	150	0	97.8191436968138	520.4989910125732	117.74684933263387	252.85605726952792
1841001	16	758.0	742.0	762.8350765243322	772.3643513092431	360	0	62.5	30.746898956273366	646.6209888458252	70.59150388036537	457.3183652981367
1841001	17	821.0	502.0	845.9233096809099	501.0705481057631	360	0	0	24.940634440090722	647.6211547851562	86.93882145781431	181.35851937558016
1841001	18	1209.0	780.0	1212.3007983203531	748.3256927454942	360	150	62.5	31.84583190316257	630.6049823760986	102.64790117694	331.6733734435398
1841001	19	933.0	873.0	1077.1610349012135	1006.329249903134	0	0	125	196.3646935259016	653.641939163208	275.9999999999999	424.6589684826321
1841001	20	968.0	327.0	857.4803527728841	248.2379428944518	0	150	125	135.71313150430132	836.8029594421387	405.99999999999994	293.4834790771085
1841001	21	1073.0	682.0	1088.3508870103992	777.9087824147076	0	150	62.5	97.12952319597669	583.5609436035156	231.00000000000017	140.873916723842
1841001	22	847.0	333.0	746.6280679272461	253.73516724547378	90	150	125	127.89620189677463	716.6891098022461	301.58610322890024	334.39826448183334
1841001	23	1428.0	360.0	1466.1206218531663	324.713009691183	0	0	125	51.94567831424137	788.7699604034424	378.0	530.350004018183
1841001	24	691.0	180.0	711.3333525177214	258.5577663396235	90	75	125	81.1465826568243	773.7438678741455	289.10686703365536	556.5461674766294
1841001	25	741.0	487.0	773.4417625414296	491.6791858845983	90	150	0	32.77747301634356	600.5859375	202.4898104857059	296.2381329434768
1841001	26	1243.0	654.0	1158.5830306810258	623.7650988960439	0	0	125	89.6681323200536	820.8010196685791	0.0	285.5004190962304
1841001	27	927.0	351.0	887.6397399165662	339.96028019270375	360	75	125	40.87915712510668	764.7361755371094	103.15376240715996	427.6196065334312
1841001	28	947.0	386.0	902.5649599821577	427.6076678410252	0	75	62.5	60.874221182339	646.6209888458252	252.99999999999972	303.6001339502225
1841001	29	1131.0	493.0	1153.4982472810893	549.4190915547534	0	0	250	60.739484872566166	977.9379367828369	0.0	285.87945572877027
1841001	30	828.0	926.0	1017.4320850451072	835.2918297083744	360	0	0	210.02972885330132	624.600887298584	65.47648980577773	397.8999946323283
1841001	31	1174.0	422.0	1131.953232279539	497.86241676728906	0	0	250	86.73544231461707	1378.324031829834	0.0	290.8306274679619
1841001	32	1069.0	683.0	1026.6800437818833	654.8436080972439	90	0	0	50.830710198509934	647.6168632507324	171.90264407978123	166.23790436395757
1841001	33	888.0	454.0	862.765172506117	513.990561317212	0	0	0	65.08197880980734	560.5440139770508	189.99999999999997	178.26892102789188
1841001	34	681.0	153.0	677.7325624415893	-60.089407157006605	360	75	125	213.11445655028345	1397.341012954712	541.6281902568602	595.0855496877078
1841001	35	726.0	360.0	767.077581567914	445.46215277032604	360	75	0	94.82166030821845	544.5289611816406	61.52184930358165	343.3937199959317
1841001	36	961.0	516.0	968.9199881366403	495.6991607824818	90	75	0	21.791059749815954	576.5528678894043	176.17328036656244	91.09933936940259
1841001	37	883.0	689.0	877.0525390434037	770.7342920482132	360	0	62.5	81.95039224099446	682.6560497283936	114.92958023709608	124.16463048474259
1841001	38	1069.0	582.0	1081.0403276080845	547.5444318125419	90	150	0	36.49870775836556	615.588903427124	206.50883228731422	171.56847535144462
1841001	39	1131.0	301.0	1392.04555205147	302.6505854693383	0	75	125	261.0507703077091	852.8201580047607	464.9999999999997	477.7763560996363
1841001	40	1090.0	642.0	1090.5101599601335	624.4868382213525	360	0	125	17.520590705509978	709.6829414367676	87.60969026142826	153.5786063721712
1841001	41	1298.0	473.0	1166.669970730157	541.4178848046095	360	0	125	148.08302924087764	781.7521095275879	88.44479982325325	378.364495972534
1841001	42	1116.0	722.0	1123.5852024418477	715.0646841652976	0	0	62.5	10.277835463310653	767.7381038665771	0.0	315.7142015657245
1841001	43	1395.0	442.0	1393.40232594096	472.45277345998875	0	150	62.5	30.494654839894878	710.6738090515137	299.9999999999999	591.2732775845375
1841001	44	1035.0	532.0	942.3568865306521	588.7660522319267	0	75	62.5	108.65142042004005	566.5440559387207	210.0	155.32077219551206
1841001	45	792.0	767.0	574.4315170448971	750.9368524871928	0	0	250	218.16065063022504	833.8000774383545	434.9999999999999	258.56993900364034
1841001	46	1141.0	755.0	1195.1413637358012	687.2223030442236	360	75	0	86.7473542639854	575.5491256713867	64.90890710564153	246.1608780791186
1841001	47	1162.0	781.0	1278.9949299829555	783.5065006536671	360	75	250	117.02177655139015	1010.9710693359375	281.2020838802888	296.5335054611541
1841001	48	551.0	753.0	587.3316975724345	780.5374673274597	90	150	0	45.588423479056054	639.6141052246094	251.10325518390624	486.0724386531258
1841001	49	1006.0	404.0	1112.5672463886667	440.64755414876	0	0	62.5	112.69259615409122	718.6911106109619	300.0000000000001	300.3766306290685
1841001	50	1219.0	679.0	1270.9912174531441	703.7816512701195	0	150	0	57.59528567455791	600.5749702453613	209.99999999999972	288.50862423521903
1841001	51	1236.0	734.0	1135.2190965212637	696.4275283011655	0	0	125	107.55687395768844	861.8271350860596	0.0	312.1325697958989
1841001	52	626.0	761.0	655.2765606708688	805.642602183059	90	0	0	53.38613054333425	623.5990524291992	203.2095629341165	396.59187726185405
1841001	53	861.0	700.0	848.5673909641321	729.3344183738884	360	75	0	31.860286702618776	576.5540599822998	78.74020924330097	140.75248386127623
1841001	54	761.0	656.0	766.80115741113	651.7127375249178	0	0	0	7.213462888166609	567.5289630889893	0.0	213.25127016539523
1841001	55	1101.0	459.0	1093.2907164511535	450.8906947640819	0	0	125	11.189007294921415	1525.4640579223633	0.0	438.7335137610631
1841001	56	1013.0	470.0	880.0554552938672	253.49702797717998	90	150	250	254.06256879326975	937.9000663757324	502.3706404883406	208.82205697367138
1841001	57	1448.0	288.0	1314.7201033485717	378.66878423336453	0	0	0	161.1966478738681	632.5960159301758	231.00000000000006	610.661056119584
1841001	58	1203.0	694.0	1223.438893271684	1031.021531048319	0	150	250	337.6407273246584	890.8569812774658	496.0000000000003	398.54559120511817
1841001	59	719.0	653.0	696.0290698241824	467.95567584103355	90	75	125	186.4646495628352	820.7879066467285	377.0576578227244	287.26916929317446
1841001	60	983.0	444.0	713.0049683570915	478.8416059130838	0	0	250	272.2338234210764	841.8090343475342	434.99999999999966	168.5900976576775
1841001	61	1199.0	458.0	1194.2279827964712	405.9760672730431	90	150	0	52.242336515222135	576.5528678894043	207.77455455534306	318.4796024603007
1841001	62	1292.0	1069.0	1463.8875533571543	1291.2936813202436	0	0	125	280.99788567534563	1181.1342239379883	780.0000000000006	638.3242546021269
1841001	63	1240.0	915.0	1069.4283205572344	761.1105187153812	360	75	0	229.73173546111258	504.4851303100586	48.13536324608633	436.5424737367724
1841001	64	1408.0	225.0	1296.3426428156995	-25.958069767986654	90	150	250	274.67675219256563	1106.0609817504883	591.1156179205688	622.0933170381417
1841001	65	963.0	729.0	950.702072969899	762.7788104605337	360	0	62.5	35.94783783993622	662.6360416412354	87.52575021785266	151.92056879966847
1841001	66	924.0	497.0	950.4562626473703	496.91848656610625	0	75	0	26.456388221118655	472.45001792907715	135.99999999999994	149.863918796299
1841001	67	796.0	442.0	821.934558127058	411.5562660873688	360	0	0	39.99277734527629	856.8270206451416	74.04175447716736	282.8496501071554
1841001	68	533.0	875.0	505.48277782769236	839.009467135028	90	150	62.5	45.30470143356835	719.6919918060303	315.6661955417244	709.3012027804397
1841001	69	858.0	272.0	1119.3380110239848	218.76063394311143	90	75	250	266.70580440648786	1170.1250076293945	613.1401018172651	598.8452244781544
1841001	70	852.0	915.0	796.4806215546939	1010.0804297913902	0	75	125	110.1030858435339	820.789098739624	406.0	352.13564072099643
1841001	71	995.0	1010.0	1050.2715901027507	1013.1778690530491	90	75	62.5	55.36287135079623	789.7591590881348	335.5244882106073	672.7115818817311
1841001	72	1114.0	357.0	1068.9454017017372	432.27731385394793	0	0	125	87.7302160540119	972.9351997375488	0.0	293.53023537382245
1841001	73	993.0	527.0	987.4022393332694	596.0128519363423	90	0	125	69.23950214198175	714.6861553192139	195.4172891728369	92.45942238473015
1841001	74	672.0	815.0	549.1585586825569	826.3153276647405	90	150	62.5	123.36148647413124	815.7961368560791	394.200177335001	476.7775356708438
1841001	75	1318.0	674.0	1182.5969950840945	611.9474962595273	360	75	62.5	148.9445768086845	742.7141666412354	65.93040315079455	487.38625993591893
1841001	76	939.0	237.0	924.3594394087687	268.04917521710274	90	0	62.5	34.32779189065125	926.8901348114014	287.1514603717547	534.0129459818282
1841001	77	1407.0	518.0	1356.9987481794062	362.96241387555256	90	75	62.5	162.90113042861884	799.7689247131348	394.6427639547159	621.1268588756199
1841001	78	847.0	356.0	892.8317306208006	511.6764305569178	360	75	250	162.28277346237488	1226.1772155761719	146.82366528928716	306.5832222562179
1841001	79	1110.0	689.0	1140.7337995958521	685.6463290728001	0	0	62.5	30.91623434841227	886.8520259857178	0.0	279.2922052034941
1841001	80	936.0	605.0	1056.3319034172766	576.806836941623	360	0	250	123.59053937604214	2098.0148315429688	221.10686265896405	501.84719152097654
1841001	81	781.0	574.0	781.3000189941404	566.7426323007788	90	0	0	7.26356643244513	671.6539859771729	242.59140538448176	207.39165311956413
1841001	82	1300.0	723.0	1246.8817326631277	691.1608255851547	0	0	0	61.92966455819358	672.645092010498	276.0000000000001	417.66609465646354
1841001	83	907.0	841.0	907.544828839441	917.0907903232105	0	150	0	76.09274085269286	648.6220359802246	253.0	248.8966752511765
1841001	84	678.0	570.0	713.5830841881591	587.7093823614526	360	0	250	39.74642253040829	969.9318408966064	71.82732696340756	313.2025692382156
1841001	85	693.0	946.0	727.1994809894547	869.6466051992279	360	75	125	83.66268820418483	1053.0118942260742	208.16371103361752	445.2963157979717
1841001	86	1287.0	808.0	1272.0730316379725	686.972284454425	360	150	125	121.94475107466327	908.8599681854248	197.67586598754747	540.6089400303198
1841001	87	842.0	1091.0	889.6929617517821	1138.7371909155202	0	150	0	67.47931532819354	959.92112159729	527.9999999999999	558.3519043288888
1841001	88	574.0	506.0	667.8415580714072	563.0829679631473	90	0	125	109.83944306464323	724.696159362793	197.88624201143807	406.0830583347096
1841001	89	732.0	759.0	708.8803807867225	769.13418795827	0	0	0	25.243188351325458	504.4820308685303	152.99999999999963	278.6147562014655
1841001	90	869.0	618.0	930.2655623764756	649.2677221330202	90	0	125	68.78327980471407	677.6509284973145	178.0426812605405	133.10839409693585
1841001	91	1062.0	602.0	1020.3566151371	464.6746110291612	90	75	125	143.5006409701078	708.6820602416992	312.1499209984173	116.48054683965746
1841001	92	1246.0	525.0	1236.2118874972523	484.6271336143768	90	0	0	41.54245402666805	624.596118927002	173.15990073952867	347.19166115413026
1841001	93	1310.0	444.0	1579.6671192484719	635.4039950812576	0	75	250	330.68995227680506	985.9468936920166	595.0000000000001	399.2621142874085
1841001	94	1317.0	420.0	1156.2675162509556	526.1893849584758	90	0	250	192.64245848201838	961.9238376617432	242.97303562176435	497.9660361855715
1841001	95	563.0	582.0	443.89542935245487	548.5674453293278	0	0	62.5	123.7078593337689	717.689037322998	324.99999999999983	498.3032699027914
1841001	96	1402.0	441.0	1289.7049922756714	428.70012411333585	0	75	0	112.96661323875455	551.5298843383789	189.99999999999963	465.3405996588556
1841001	97	650.0	488.0	618.5864237786519	510.0605938621408	90	0	250	38.38596843333213	857.8228950500488	189.00112566168403	356.4629307270542
1841001	98	1076.0	1199.0	1166.17076182228	1481.000859714536	0	150	250	296.06629522346475	1122.089147567749	741.0	631.5921424311265
1841001	99	595.0	15.0	444.77611146354917	-233.80357255394313	0	150	250	290.6379782523565	1209.1610431671143	861.0000000000002	711.8282385182947
1841001	100	760.0	630.0	547.2914618542875	541.8332762921278	90	150	250	230.25701589629423	673.6409664154053	249.81878035510084	207.7205783681282
1841001	101	856.0	747.0	871.5615576009942	724.0589230032914	360	0	250	27.721022505275183	769.7391510009766	75.63290706252035	192.76896982225648
1841001	102	800.0	829.0	789.1544237778995	1072.476370366511	0	75	250	243.7178070031811	817.7859783172607	405.9999999999999	298.97913450799126
1841001	103	996.0	658.0	927.9999742145447	557.5809319264014	0	150	125	121.27651355308913	612.5831604003906	253.0	90.06237701005222
1841001	104	1165.0	382.0	1286.6037224975764	440.67833821318123	0	0	125	135.02078618023248	653.6281108856201	276.0	304.73782694731824
1841001	105	1016.0	625.0	1033.7287425137667	670.477153483743	360	75	62.5	48.81065252691628	599.5750427246094	116.1308421295896	76.29582438377929
1841001	106	968.0	679.0	1139.3104300411856	608.3075675594537	0	75	250	185.32318647502566	697.6711750030518	299.99999999999966	81.29468812791237
1841001	107	869.0	262.0	926.7137221064073	229.75547427024952	360	150	250	66.11038616520213	889.854907989502	217.033123349539	607.5929159410986
1841001	108	1062.0	1193.0	1231.359000663371	1044.5736374717205	90	75	125	225.19515136670228	852.8189659118652	421.3352403647137	655.3556000304195
1841001	109	934.0	660.0	878.3484780390213	513.939641101346	0	0	125	156.30329599268507	677.649974822998	300.0	79.13694395866116
1841001	110	795.0	623.0	763.5040418931785	637.2738306011371	0	0	250	34.579439224727345	738.7039661407471	0.0	173.89576435659808
1841001	111	1031.0	894.0	1070.4105455117246	1002.6500612208199	90	150	62.5	115.57693066014356	617.5940036773682	227.64978169207066	341.22270372614776
1841001	112	1412.0	713.0	1159.6086249218508	701.6581823868744	360	150	62.5	252.64608257522693	564.5430088043213	63.9066564203919	556.9698997697881
1841001	113	978.0	362.0	1022.4636556777707	400.22596070041095	90	150	0	58.63651377512747	503.47185134887695	147.5874795479381	252.19083131680816
1841001	114	672.0	396.0	770.5368654315243	546.8997611413776	360	150	125	180.22278369172733	620.5949783325195	109.50946666120946	367.6868285657537
1841001	115	962.0	435.0	999.3029827301879	281.6709148335857	90	150	125	157.80152368889924	589.5671844482422	220.5988557299293	179.1433467241598
1841001	116	1151.0	659.0	1143.1647879072302	673.5702166831984	360	150	0	16.543329856290683	488.4679317474365	82.8166217412214	205.121579093853
1841001	117	802.0	646.0	763.6204443773903	637.8823195365113	0	0	62.5	39.228650574501	633.6078643798828	0.0	181.05547626299932
1841001	118	878.0	640.0	929.5900464096179	606.7943225503368	0	0	62.5	61.35266826664999	502.48217582702637	170.99999999999991	119.45262886336964
1841001	119	912.0	665.0	945.1681224476387	598.236029135789	90	150	125	74.54899162469452	565.5429363250732	197.90897606799504	91.46374019918875
1841001	120	1061.0	713.0	1181.3002258557563	831.1032542421475	90	0	62.5	168.5838752773565	512.4928951263428	133.33170334395928	221.54947974318975
1841001	121	1168.0	487.0	1324.4318945895275	331.0518603295165	90	150	250	220.88630539613285	842.810869216919	395.5771506640982	244.37229156250766
1841001	122	868.0	573.0	715.8033643063794	566.828070349453	0	75	0	152.32172738013432	488.47007751464844	152.99999999999994	126.74174840644244
1841001	123	1159.0	496.0	1211.7999974170734	541.2518431109577	360	75	250	69.5382558897021	954.9169540405273	275.32117459887905	236.41270264630884
1841001	124	717.0	553.0	818.2247057404028	493.9156263990279	360	75	125	117.20667325732944	716.6891098022461	200.17747938289904	334.83450986709937
1841001	125	781.0	365.0	839.572054767873	199.59960426423888	90	75	250	175.4650293057768	809.7779750823975	369.8180252186933	329.45698216183587
1841001	126	788.0	789.0	683.4941458191112	946.7152624734833	360	150	250	189.19719230252056	737.7078533172607	259.4129221447747	281.3088081597338
1841001	127	1061.0	552.0	984.6854086188898	553.2188729981998	90	0	250	76.32432449128886	714.6859169006348	176.0729330755715	122.0722238154455
1841001	128	1013.0	651.0	884.6691558192464	533.85569760239	0	0	250	173.7572823002465	697.6668834686279	300.00000000000017	88.86138130662314
1841001	129	970.0	543.0	982.5649109498997	546.688959652625	0	0	62.5	13.095243812071843	478.45911979675293	152.99999999999994	97.17392710578433
1841001	130	857.0	605.0	828.1421169941234	636.7711814716295	360	75	62.5	42.920687129682264	543.5221195220947	102.16301157666084	132.36663223782327
1841001	131	972.0	633.0	921.8285980725758	628.6740640949433	0	75	125	50.357554476143925	565.5441284179688	210.00000000000009	36.425174877243876
1841001	132	682.0	352.0	649.1551036273956	113.46333708102156	0	0	250	240.78730609035324	881.8600177764893	464.99999999999994	399.94771543273225
1841001	133	1180.0	684.0	1349.188600368834	730.4323523828893	360	75	250	175.44442380017043	745.7170486450195	234.54203399102946	241.46553652309134
1841001	134	1127.0	1199.0	1129.394485852	972.8485940600281	0	150	0	226.1640819651109	584.5627784729004	209.99999999999986	645.6540444448954
1841001	135	932.0	726.0	1007.1180354293416	714.3684899378385	360	150	125	76.0132309081122	652.6281833648682	241.60285030075278	135.48469845146326
1841001	136	880.0	589.0	883.7855683816267	806.9848440858823	0	150	250	218.01771207660718	690.6628608703613	300.0	100.812263465236
1841001	137	1237.0	689.0	1376.7304378661684	686.8214194458088	0	0	125	139.74742029641277	613.5890483856201	252.99999999999994	300.033364152595
1841001	138	851.0	396.0	944.5267890017415	408.74861557968677	360	0	0	94.39167050208879	583.5590362548828	54.41006417054917	253.34811068403044
1841001	139	1440.0	503.0	1567.496141441275	486.14936890750215	0	75	250	128.604859358537	849.816083908081	434.9999999999997	493.43407181789286
1841001	140	892.0	873.0	949.6459855115911	821.6536529036974	360	150	62.5	77.19784327127637	662.6369953155518	70.02291266266288	407.3574480506731
1841001	141	738.0	722.0	777.1295311749243	781.5850392938872	90	0	125	71.28462048452988	660.6249809265137	219.5454742201129	279.7207708273439
1841001	142	662.0	161.0	639.6227056785282	177.15094610459693	90	75	62.5	27.597035370187317	736.7069721221924	334.6930873094108	688.5332717300223
1841001	143	1408.0	443.0	1220.4320327712433	419.60110863890276	90	75	0	189.0218253198725	504.4851303100586	127.7748908296225	482.4606126827088
1841001	144	1258.0	534.0	1407.383512017658	399.5394637976118	90	150	125	200.98524686793183	788.7570858001709	374.4383103987443	357.3998445231838
1841001	145	854.0	290.0	871.0399823628495	420.87402404453485	0	0	250	131.97867694645112	914.8800373077393	0.0	336.95353063474835
1841001	146	747.0	389.0	680.1512432828057	385.1449449822493	90	75	0	66.95982171290868	528.5079479217529	163.29427873843449	357.4371586311821
1841001	147	1123.0	627.0	1203.0363256101625	405.8955486995251	0	0	250	235.14461890942783	785.7551574707031	377.99999999999983	164.92477166845933
1841001	148	1025.0	385.0	1041.9993310861266	540.6835883832194	360	150	125	156.6089299792686	741.6999340057373	133.38580768733556	401.5729631706836
1841001	149	639.0	367.0	716.6731149416158	421.20252912589365	360	75	0	94.71550532186805	535.5050563812256	104.93558982089291	492.46800667685176
1841001	150	620.0	536.0	741.738980570214	680.4057565784598	360	150	250	188.8740371868837	857.8238487243652	205.1996892061039	358.26467630642395
1841001	151	1042.0	613.0	1053.5860867827837	737.5989902522973	0	0	125	125.13650857695478	556.5340518951416	210.0	90.65565704151633
1841001	152	906.0	704.0	923.76418331147	676.6497577423114	0	75	0	32.612910944559424	447.4301338195801	119.99999999999997	123.78198214307264
1841001	153	898.0	335.0	905.6093488409937	318.8146387781578	90	150	125	17.88485693723728	628.6029815673828	245.00626052321374	282.54251707484707
1841001	154	973.0	644.0	985.7564561298498	775.0315971424916	0	0	62.5	131.65107907915146	501.4820098876953	170.99999999999997	43.90757530106045
1841001	155	820.0	706.0	693.96768012881	835.088714520977	0	150	62.5	180.41075873902932	566.5380954742432	189.99999999999991	179.09958111790223
1841001	156	775.0	489.0	724.1644716944469	533.307693175946	360	75	250	67.43458024395545	897.8619575500488	98.97442462288211	244.82398303901203
1841001	157	1001.0	360.0	1009.0564401886276	286.26454244148687	90	0	125	74.17428078435425	716.6879177093506	259.33130354375635	299.37421411163484
1841001	158	975.0	454.0	1045.1989392001485	458.89942984061196	0	75	62.5	70.36970568070629	598.5751152038574	231.00000000000009	253.66766904812187
1841001	159	967.0	465.0	1027.3155050087028	531.3438755112572	90	150	62.5	89.66309141619	542.5209999084473	188.63233858489212	183.22779045463855
1841001	160	957.0	630.0	981.9324383124241	763.2600385974424	0	0	0	135.57235841864917	432.4209690093994	119.99999999999984	55.13357524836931
1841001	161	1111.0	502.0	1173.0354914283448	531.136631661302	0	0	62.5	68.53718334833017	673.6459732055664	299.99999999999994	204.41764628817708
1841001	162	1147.0	572.0	1173.3940476676344	563.3080574734648	360	75	62.5	27.788407963860504	618.5939311981201	109.43860718181118	265.7736036755121
1841001	163	961.0	677.0	1137.2865645237753	663.5993927192917	0	0	250	176.79516143573318	705.6760787963867	325.0000000000001	88.51323307596587
1841001	164	855.0	603.0	724.682787667107	657.7435798613552	0	0	62.5	141.34863057791853	567.5451755523682	210.00000000000009	149.24551512257017
1841001	165	708.0	603.0	760.7216732529766	583.0250629189203	0	0	0	56.37883416661545	608.5848808288574	0.0	258.4316405200532
1841001	166	766.0	649.0	766.4202172089451	650.2679589258208	0	0	0	1.3357778034771963	632.6138973236084	0.0	202.70828833007366
1841001	167	883.0	752.0	999.2940214611044	689.7322615584288	0	0	62.5	131.9150130888207	586.561918258667	190.00000000000006	235.67148557118026
1841001	168	1025.0	300.0	1057.2863415958473	209.9259925474067	90	0	62.5	95.68560326513894	639.6141052246094	213.70590072209222	336.7013852585102
1841001	169	989.0	943.0	1063.2759250837544	839.6998805275236	0	0	0	127.23139443578924	544.532060623169	170.99999999999952	373.87215126099954
1841001	170	686.0	661.0	768.8404057518134	658.8048427161289	0	0	62.5	82.86948497864583	667.6540374755859	0.0	338.00431224208995
1841001	171	1169.0	902.0	1192.1994222573028	912.5291365460236	0	0	0	25.476968215968018	552.5200366973877	190.00000000000037	374.846035548673
1841001	172	617.0	535.0	700.2164660942369	557.8727168634409	360	0	125	86.3026152902009	653.6281108856201	89.33677720609181	354.393014660314
1841001	173	1015.0	880.0	1051.9595004660014	846.9328294563861	0	0	62.5	49.59276602950073	634.6099376678467	252.99999999999977	344.9304154972955
1841001	174	847.0	735.0	827.7881168831924	752.8414519257309	360	0	250	26.21857852195735	801.7699718475342	50.345326689169134	182.2769981277727
1841001	175	1004.0	922.0	943.5311965046022	971.2918121581681	0	75	125	78.01383814427514	692.6648616790771	300.0	349.3525457666377
1841001	176	1042.0	532.0	1238.5646252541899	707.5276468052247	0	0	250	263.5291382263066	801.7699718475342	405.9999999999999	117.14639764859575
1841001	177	810.0	664.0	836.2974435527406	735.2319496712059	90	75	125	75.93119379656027	653.6290645599365	261.2644317225559	192.12176095692598
1841001	178	1023.0	871.0	1028.0265478846632	788.0754869271793	0	0	0	83.0767178696969	599.5759963989258	0.0	291.3606310200819
1841001	179	998.0	412.0	1061.5343264306382	443.34588918755236	360	150	125	70.84613894880373	1173.1269359588623	271.1822687471117	376.46008284038936
1841001	180	1414.0	684.0	1543.3887134619733	680.0682420922914	90	0	250	129.44843719253421	841.8090343475342	391.1503126334469	480.179555303694
1841001	181	538.0	375.0	515.3836110348005	481.0010563871886	90	75	62.5	108.38692266609074	665.640115737915	262.3293698945506	578.0908324405275
1841001	182	731.0	436.0	585.5615759020686	232.4371924683379	90	150	250	250.18023865657784	1025.9859561920166	502.14022983580986	312.6340989729201
1841001	183	698.0	698.0	632.2404906237475	723.2637476846517	90	150	62.5	70.44551100303823	623.5990524291992	235.13608954967125	396.6283450544086
1841001	184	584.0	594.0	504.87951812502195	560.4061956413431	0	75	125	85.95693307358313	684.6709251403809	275.9999999999999	404.69337474493216
1841001	185	1175.0	878.0	1126.2675211719134	782.8556872290544	360	150	0	106.89852545935997	608.5879802703857	92.93463470308957	390.6458076001048
1841001	186	1080.0	622.0	1015.6297600821808	488.78809359971564	0	0	125	147.94911217670662	668.6410903930664	275.99999999999994	137.27358911161951
1841001	187	605.0	525.0	448.366153442931	393.9729287176064	90	75	250	204.21130060823	873.8381862640381	437.93371024563197	407.5908652441194
1841001	188	494.0	600.0	464.0733065887685	521.8091164210415	360	150	250	83.72228647969482	801.7702102661133	331.69811520525934	488.7658041734928
1841001	189	597.0	360.0	553.976309407087	354.3422176557983	0	150	125	43.394106204518955	676.649808883667	276.00000000000006	454.42941640617187
1841001	190	1090.0	181.0	1018.5459551956079	216.31624708191424	0	0	0	79.70519322389782	560.5390071868896	190.0000000000001	447.94691207048413
1841001	191	789.0	827.0	759.5747587216258	816.7067984961702	360	0	125	31.173623810666925	732.698917388916	166.62303919833266	286.9451449896542
1841001	192	825.0	363.0	756.472209276137	640.8592854171247	90	75	250	286.1849761849995	849.8148918151855	361.6750443248202	337.7337194585491
1841001	193	1350.0	770.0	1257.1990701243237	688.635057795803	0	150	0	123.41906824183407	512.4928951263428	153.00000000000014	470.0914784674435
1841001	194	1045.0	401.0	1302.648985787774	452.8652756328689	0	150	250	262.8174398588155	793.7560081481934	406.0000000000001	235.18247941972882
1841001	195	986.0	980.0	1012.8726564651482	1003.1516072413832	360	75	62.5	35.470221078436204	612.5891208648682	216.32034316292587	481.70178413785453
1841001	196	843.0	349.0	894.8266069200519	476.06907087165155	360	150	0	137.23172358106697	895.859956741333	120.29253375779464	431.9404912296114
1841001	197	839.0	813.0	754.383606878192	729.4420127558188	360	150	250	118.91959980273685	793.755054473877	237.186588520689	249.23770124093883
1841001	198	1212.0	744.0	1337.4150184968116	683.5562847356791	0	0	125	139.22057886501514	772.7410793304443	378.0	305.40297924232055
1841001	199	990.0	379.0	871.4557002869591	244.0452967621087	0	150	125	179.62606414572073	781.7511558532715	378.0	254.91083812629532
1841001	200	896.0	396.0	940.0620103074715	401.5741107486866	360	0	250	44.41319019136486	817.7862167358398	51.289010748019756	234.74559234522096
1841001	201	1293.0	651.0	1189.282503775791	615.526999262711	360	75	125	109.61593316816004	612.5888824462891	78.82427930691595	356.71395049312645
1841001	202	836.0	421.0	860.0351444964555	426.7746333121056	0	0	62.5	24.719113269993596	675.6491661071777	0.0	292.60782929760103
1841001	203	1075.0	578.0	1002.7204985237734	548.7315727761558	90	0	0	77.98055633175052	551.5298843383789	180.498846971945	126.5101076922043
1841001	204	659.0	342.0	617.5468003177974	250.5580908025229	90	75	62.5	100.39915598037767	718.6908721923828	291.06051191773076	526.9548453241403
1841001	205	857.0	167.0	855.6634505926578	12.266994045967024	0	75	0	154.73877825512608	879.8568248748779	435.00000000000006	529.2319479109947
1841001	206	1145.0	608.0	1159.0803465133365	580.8423479484071	0	0	0	30.59075387908927	519.4988250732422	0.0	189.5372805707263
1841001	207	899.0	1027.0	905.0442174310449	977.2733153127472	90	75	0	50.09267146339085	576.5571594238281	192.25804391910876	439.292565335021
1841001	208	850.0	531.0	837.5091455300532	586.8993964295556	0	75	62.5	57.27795358231653	535.5141162872314	171.00000000000014	151.50703601028482
1841001	209	750.0	520.0	944.7164118195791	518.8840940829946	90	0	250	194.7196093820741	729.7000885009766	213.7940014773957	274.604712670207
1841001	210	1270.0	702.0	1513.165324702364	603.877281094159	0	0	250	262.21640509907223	937.899112701416	528.0000000000005	562.0179080653288
1841001	211	1101.0	523.0	1172.8543451222934	598.0154728667615	0	150	62.5	103.87669653188566	583.5609436035156	230.99999999999977	210.15851473550413
1841001	212	783.0	764.0	818.3106691354908	741.1528728689842	0	0	250	42.05751505898678	793.7569618225098	0.0	247.88942918823636
1841001	213	1132.0	656.0	1132.2274456573289	659.2731494794048	360	0	62.5	3.2810423711932533	558.5370063781738	23.57643308102281	266.0318112318032
1841001	214	1003.0	554.0	1002.0198236997963	597.9105496152107	90	0	62.5	43.92148805640994	572.5500583648682	168.36555434741854	88.09898377128755
1841001	215	1133.0	298.0	1280.0623177060957	295.0233467884428	0	0	62.5	147.0924394842593	729.7000885009766	324.99999999999983	445.17893152951024
1841001	216	804.0	571.0	783.8754738628312	577.1343893261255	360	0	125	21.038709196385433	644.6199417114258	43.00560173858642	170.65001131159514
1841001	217	763.0	852.0	799.7911040742215	1031.450487767133	0	0	250	183.18314032372663	825.7942199707031	406.00000000000006	340.08362334210204
1841001	218	621.0	670.0	429.8831329373693	477.8798611618075	0	0	250	270.9904142641241	865.8308982849121	465.00000000000017	397.8387253080294
1841001	219	907.0	715.0	952.8814388849112	655.2780407906076	90	75	0	75.31147884591144	488.46888542175293	145.43378576193015	151.2515742981994
1841001	220	1123.0	868.0	1106.0648397924047	832.2548851733582	360	0	62.5	39.553923765243965	573.552131652832	100.56800553649428	364.7897255034973
1841001	221	1063.0	686.0	1120.5001020860525	571.0584258254236	0	75	62.5	128.52169938822047	599.5759963989258	230.99999999999986	234.45523387675684
1841001	222	956.0	782.0	1013.9788356778845	944.6792370514221	0	0	125	172.70228589742499	629.6048164367676	252.99999999999991	184.19457364026425
1841001	223	964.0	563.0	954.0555258590517	528.1060926436331	360	0	0	36.28329280171113	872.838020324707	136.682724172304	123.93397979412475
